Spectral actinic flux, quanta cm-2 s-1 nm-1
values at z =      0.263 km
Columns: wavelength (nm), times (hrs.) or sza (deg.)
    wc, nm      0.000      1.000      2.000      3.000      4.000      5.000      6.000      7.000      8.000      9.000     10.000     11.000     12.000     13.000     14.000     15.000     16.000     17.000     18.000     19.000     20.000     21.000     22.000     23.000
    sza =     146.614    145.901    141.849    135.459    127.747    119.440    111.038    102.920     95.425     88.891     83.665     80.082     78.414     78.803     81.215     85.451     91.208     98.141    105.905    114.166    122.573    130.712    138.010    143.627
  290.5000  0.000E+00  0.000E+00  0.000E+00  0.000E+00  0.000E+00  0.000E+00  0.000E+00  0.000E+00  0.000E+00  0.000E+00  0.000E+00  0.000E+00  0.000E+00  0.000E+00  0.000E+00  0.000E+00  0.000E+00  0.000E+00  0.000E+00  0.000E+00  0.000E+00  0.000E+00  0.000E+00  0.000E+00
  291.5000  0.000E+00  0.000E+00  0.000E+00  0.000E+00  0.000E+00  0.000E+00  0.000E+00  0.000E+00  0.000E+00  0.000E+00  0.000E+00  0.000E+00  0.000E+00  0.000E+00  0.000E+00  0.000E+00  0.000E+00  0.000E+00  0.000E+00  0.000E+00  0.000E+00  0.000E+00  0.000E+00  0.000E+00
  292.5000  0.000E+00  0.000E+00  0.000E+00  0.000E+00  0.000E+00  0.000E+00  0.000E+00  0.000E+00  1.805E+03  2.324E+05  4.958E+05  6.881E+05  7.873E+05  7.634E+05  6.247E+05  4.058E+05  1.103E+05  1.731E+01  0.000E+00  0.000E+00  0.000E+00  0.000E+00  0.000E+00  0.000E+00
  293.5000  0.000E+00  0.000E+00  0.000E+00  0.000E+00  0.000E+00  0.000E+00  0.000E+00  0.000E+00  7.836E+03  9.878E+05  2.128E+06  2.979E+06  3.425E+06  3.317E+06  2.697E+06  1.735E+06  4.694E+05  8.644E+01  0.000E+00  0.000E+00  0.000E+00  0.000E+00  0.000E+00  0.000E+00
  294.5000  0.000E+00  0.000E+00  0.000E+00  0.000E+00  0.000E+00  0.000E+00  0.000E+00  0.000E+00  2.091E+04  2.589E+06  5.633E+06  7.958E+06  9.188E+06  8.890E+06  7.183E+06  4.576E+06  1.231E+06  2.594E+02  0.000E+00  0.000E+00  0.000E+00  0.000E+00  0.000E+00  0.000E+00
  295.5000  0.000E+00  0.000E+00  0.000E+00  0.000E+00  0.000E+00  0.000E+00  0.000E+00  0.000E+00  7.704E+04  9.354E+06  2.064E+07  2.951E+07  3.428E+07  3.312E+07  2.653E+07  1.667E+07  4.488E+06  1.073E+03  0.000E+00  0.000E+00  0.000E+00  0.000E+00  0.000E+00  0.000E+00
  296.5000  0.000E+00  0.000E+00  0.000E+00  0.000E+00  0.000E+00  0.000E+00  0.000E+00  0.000E+00  1.898E+05  2.265E+07  5.077E+07  7.355E+07  8.602E+07  8.298E+07  6.584E+07  4.077E+07  1.077E+07  2.925E+03  0.000E+00  0.000E+00  0.000E+00  0.000E+00  0.000E+00  0.000E+00
  297.5000  0.000E+00  0.000E+00  0.000E+00  0.000E+00  0.000E+00  0.000E+00  0.000E+00  0.000E+00  5.032E+05  5.913E+07  1.349E+08  1.985E+08  2.338E+08  2.252E+08  1.768E+08  1.076E+08  2.796E+07  8.454E+03  0.000E+00  0.000E+00  0.000E+00  0.000E+00  0.000E+00  0.000E+00
  298.5000  0.000E+00  0.000E+00  0.000E+00  0.000E+00  0.000E+00  0.000E+00  0.000E+00  0.000E+00  8.067E+05  9.358E+07  2.178E+08  3.255E+08  3.866E+08  3.716E+08  2.884E+08  1.725E+08  4.408E+07  1.460E+04  0.000E+00  0.000E+00  0.000E+00  0.000E+00  0.000E+00  0.000E+00
  299.5000  0.000E+00  0.000E+00  0.000E+00  0.000E+00  0.000E+00  0.000E+00  0.000E+00  0.000E+00  2.424E+06  2.780E+08  6.627E+08  1.010E+09  1.212E+09  1.162E+09  8.891E+08  5.201E+08  1.302E+08  4.682E+04  0.000E+00  0.000E+00  0.000E+00  0.000E+00  0.000E+00  0.000E+00
  300.5000  0.000E+00  0.000E+00  0.000E+00  0.000E+00  0.000E+00  0.000E+00  0.000E+00  0.000E+00  2.919E+06  3.316E+08  8.099E+08  1.258E+09  1.528E+09  1.460E+09  1.100E+09  6.300E+08  1.543E+08  5.941E+04  0.000E+00  0.000E+00  0.000E+00  0.000E+00  0.000E+00  0.000E+00
  301.5000  0.000E+00  0.000E+00  0.000E+00  0.000E+00  0.000E+00  0.000E+00  0.000E+00  0.000E+00  7.752E+06  8.703E+08  2.208E+09  3.527E+09  4.366E+09  4.151E+09  3.055E+09  1.696E+09  4.028E+08  1.659E+05  0.000E+00  0.000E+00  0.000E+00  0.000E+00  0.000E+00  0.000E+00
  302.5000  0.000E+00  0.000E+00  0.000E+00  0.000E+00  0.000E+00  0.000E+00  0.000E+00  0.000E+00  1.189E+07  1.335E+09  3.468E+09  5.681E+09  7.172E+09  6.783E+09  4.874E+09  2.638E+09  6.099E+08  2.637E+05  0.000E+00  0.000E+00  0.000E+00  0.000E+00  0.000E+00  0.000E+00
  303.5000  0.000E+00  0.000E+00  0.000E+00  0.000E+00  0.000E+00  0.000E+00  0.000E+00  0.000E+00  2.649E+07  2.967E+09  8.046E+09  1.377E+10  1.801E+10  1.687E+10  1.161E+10  6.027E+09  1.338E+09  6.077E+05  0.000E+00  0.000E+00  0.000E+00  0.000E+00  0.000E+00  0.000E+00
  304.5000  0.000E+00  0.000E+00  0.000E+00  0.000E+00  0.000E+00  0.000E+00  0.000E+00  0.000E+00  3.430E+07  3.838E+09  1.074E+10  1.904E+10  2.562E+10  2.383E+10  1.582E+10  7.952E+09  1.713E+09  8.043E+05  0.000E+00  0.000E+00  0.000E+00  0.000E+00  0.000E+00  0.000E+00
  305.5000  0.000E+00  0.000E+00  0.000E+00  0.000E+00  0.000E+00  0.000E+00  0.000E+00  0.000E+00  5.945E+07  6.640E+09  1.986E+10  3.813E+10  5.403E+10  4.964E+10  3.071E+10  1.438E+10  2.926E+09  1.421E+06  0.000E+00  0.000E+00  0.000E+00  0.000E+00  0.000E+00  0.000E+00
  306.5000  0.000E+00  0.000E+00  0.000E+00  0.000E+00  0.000E+00  0.000E+00  0.000E+00  0.000E+00  7.063E+07  7.954E+09  2.443E+10  4.904E+10  7.116E+10  6.505E+10  3.884E+10  1.746E+10  3.448E+09  1.710E+06  0.000E+00  0.000E+00  0.000E+00  0.000E+00  0.000E+00  0.000E+00
  307.5000  0.000E+00  0.000E+00  0.000E+00  0.000E+00  0.000E+00  0.000E+00  0.000E+00  0.000E+00  1.328E+08  1.506E+10  5.084E+10  1.135E+11  1.714E+11  1.555E+11  8.682E+10  3.503E+10  6.416E+09  3.233E+06  0.000E+00  0.000E+00  0.000E+00  0.000E+00  0.000E+00  0.000E+00
  308.5000  0.000E+00  0.000E+00  0.000E+00  0.000E+00  0.000E+00  0.000E+00  0.000E+00  0.000E+00  1.669E+08  1.919E+10  6.702E+10  1.564E+11  2.387E+11  2.162E+11  1.181E+11  4.534E+10  8.005E+09  4.086E+06  0.000E+00  0.000E+00  0.000E+00  0.000E+00  0.000E+00  0.000E+00
  309.5000  0.000E+00  0.000E+00  0.000E+00  0.000E+00  0.000E+00  0.000E+00  0.000E+00  0.000E+00  1.815E+08  2.137E+10  8.171E+10  2.054E+11  3.162E+11  2.863E+11  1.526E+11  5.303E+10  8.636E+09  4.422E+06  0.000E+00  0.000E+00  0.000E+00  0.000E+00  0.000E+00  0.000E+00
  310.5000  0.000E+00  0.000E+00  0.000E+00  0.000E+00  0.000E+00  0.000E+00  0.000E+00  0.000E+00  2.929E+08  3.490E+10  1.463E+11  3.836E+11  5.888E+11  5.341E+11  2.833E+11  9.168E+10  1.387E+10  7.088E+06  0.000E+00  0.000E+00  0.000E+00  0.000E+00  0.000E+00  0.000E+00
  311.5000  0.000E+00  0.000E+00  0.000E+00  0.000E+00  0.000E+00  0.000E+00  0.000E+00  0.000E+00  4.247E+08  5.149E+10  2.302E+11  6.158E+11  9.396E+11  8.539E+11  4.545E+11  1.406E+11  2.004E+10  1.023E+07  0.000E+00  0.000E+00  0.000E+00  0.000E+00  0.000E+00  0.000E+00
  312.5000  0.000E+00  0.000E+00  0.000E+00  0.000E+00  0.000E+00  0.000E+00  0.000E+00  0.000E+00  5.255E+08  6.683E+10  3.401E+11  9.163E+11  1.368E+12  1.251E+12  6.818E+11  1.991E+11  2.481E+10  1.231E+07  0.000E+00  0.000E+00  0.000E+00  0.000E+00  0.000E+00  0.000E+00
  313.5000  0.000E+00  0.000E+00  0.000E+00  0.000E+00  0.000E+00  0.000E+00  0.000E+00  0.000E+00  6.379E+08  8.191E+10  4.297E+11  1.154E+12  1.714E+12  1.569E+12  8.615E+11  2.495E+11  3.008E+10  1.490E+07  0.000E+00  0.000E+00  0.000E+00  0.000E+00  0.000E+00  0.000E+00
  314.5000  0.000E+00  0.000E+00  0.000E+00  0.000E+00  0.000E+00  0.000E+00  0.000E+00  0.000E+00  8.139E+08  1.117E+11  6.576E+11  1.704E+12  2.455E+12  2.263E+12  1.294E+12  3.747E+11  3.875E+10  1.820E+07  0.000E+00  0.000E+00  0.000E+00  0.000E+00  0.000E+00  0.000E+00
  315.5000  0.000E+00  0.000E+00  0.000E+00  0.000E+00  0.000E+00  0.000E+00  0.000E+00  0.000E+00  8.889E+08  1.229E+11  7.330E+11  1.884E+12  2.702E+12  2.494E+12  1.436E+12  4.174E+11  4.229E+10  1.979E+07  0.000E+00  0.000E+00  0.000E+00  0.000E+00  0.000E+00  0.000E+00
  316.5000  0.000E+00  0.000E+00  0.000E+00  0.000E+00  0.000E+00  0.000E+00  0.000E+00  0.000E+00  1.120E+09  1.677E+11  1.061E+12  2.576E+12  3.590E+12  3.335E+12  2.003E+12  6.091E+11  5.427E+10  2.357E+07  0.000E+00  0.000E+00  0.000E+00  0.000E+00  0.000E+00  0.000E+00
  317.5000  0.000E+00  0.000E+00  0.000E+00  0.000E+00  0.000E+00  0.000E+00  0.000E+00  0.000E+00  1.600E+09  2.381E+11  1.506E+12  3.663E+12  5.109E+12  4.745E+12  2.846E+12  8.641E+11  7.727E+10  3.388E+07  0.000E+00  0.000E+00  0.000E+00  0.000E+00  0.000E+00  0.000E+00
  318.5000  0.000E+00  0.000E+00  0.000E+00  0.000E+00  0.000E+00  0.000E+00  0.000E+00  0.000E+00  1.638E+09  2.695E+11  1.716E+12  3.887E+12  5.262E+12  4.920E+12  3.087E+12  1.011E+12  8.162E+10  3.208E+07  0.000E+00  0.000E+00  0.000E+00  0.000E+00  0.000E+00  0.000E+00
  319.5000  0.000E+00  0.000E+00  0.000E+00  0.000E+00  0.000E+00  0.000E+00  0.000E+00  0.000E+00  2.139E+09  3.573E+11  2.257E+12  5.042E+12  6.789E+12  6.355E+12  4.021E+12  1.339E+12  1.071E+11  4.124E+07  0.000E+00  0.000E+00  0.000E+00  0.000E+00  0.000E+00  0.000E+00
  320.5000  0.000E+00  0.000E+00  0.000E+00  0.000E+00  0.000E+00  0.000E+00  0.000E+00  0.000E+00  2.799E+09  4.807E+11  3.009E+12  6.604E+12  8.831E+12  8.279E+12  5.294E+12  1.801E+12  1.416E+11  5.302E+07  0.000E+00  0.000E+00  0.000E+00  0.000E+00  0.000E+00  0.000E+00
  321.5000  0.000E+00  0.000E+00  0.000E+00  0.000E+00  0.000E+00  0.000E+00  0.000E+00  0.000E+00  3.408E+09  6.523E+11  3.685E+12  7.430E+12  9.636E+12  9.095E+12  6.101E+12  2.317E+12  1.825E+11  5.627E+07  0.000E+00  0.000E+00  0.000E+00  0.000E+00  0.000E+00  0.000E+00
  322.5000  0.000E+00  0.000E+00  0.000E+00  0.000E+00  0.000E+00  0.000E+00  0.000E+00  0.000E+00  2.593E+09  4.540E+11  2.809E+12  6.072E+12  8.075E+12  7.579E+12  4.888E+12  1.695E+12  1.320E+11  4.851E+07  0.000E+00  0.000E+00  0.000E+00  0.000E+00  0.000E+00  0.000E+00
  323.5000  0.000E+00  0.000E+00  0.000E+00  0.000E+00  0.000E+00  0.000E+00  0.000E+00  0.000E+00  4.316E+09  8.636E+11  4.547E+12  8.816E+12  1.128E+13  1.068E+13  7.315E+12  2.934E+12  2.391E+11  6.648E+07  0.000E+00  0.000E+00  0.000E+00  0.000E+00  0.000E+00  0.000E+00
  324.5000  0.000E+00  0.000E+00  0.000E+00  0.000E+00  0.000E+00  0.000E+00  0.000E+00  0.000E+00  5.010E+09  9.906E+11  5.264E+12  1.027E+13  1.317E+13  1.246E+13  8.505E+12  3.385E+12  2.749E+11  7.831E+07  0.000E+00  0.000E+00  0.000E+00  0.000E+00  0.000E+00  0.000E+00
  325.5000  0.000E+00  0.000E+00  0.000E+00  0.000E+00  0.000E+00  0.000E+00  0.000E+00  0.000E+00  5.201E+09  1.017E+12  5.583E+12  1.107E+13  1.428E+13  1.349E+13  9.128E+12  3.552E+12  2.822E+11  8.477E+07  0.000E+00  0.000E+00  0.000E+00  0.000E+00  0.000E+00  0.000E+00
  326.5000  0.000E+00  0.000E+00  0.000E+00  0.000E+00  0.000E+00  0.000E+00  0.000E+00  0.000E+00  9.840E+09  2.017E+12  9.273E+12  1.696E+13  2.130E+13  2.024E+13  1.429E+13  6.236E+12  5.708E+11  1.324E+08  0.000E+00  0.000E+00  0.000E+00  0.000E+00  0.000E+00  0.000E+00
  327.5000  0.000E+00  0.000E+00  0.000E+00  0.000E+00  0.000E+00  0.000E+00  0.000E+00  0.000E+00  7.865E+09  1.594E+12  7.832E+12  1.474E+13  1.868E+13  1.772E+13  1.233E+13  5.165E+12  4.448E+11  1.144E+08  0.000E+00  0.000E+00  0.000E+00  0.000E+00  0.000E+00  0.000E+00
  328.5000  0.000E+00  0.000E+00  0.000E+00  0.000E+00  0.000E+00  0.000E+00  0.000E+00  0.000E+00  7.233E+09  1.481E+12  7.290E+12  1.372E+13  1.740E+13  1.650E+13  1.147E+13  4.807E+12  4.114E+11  1.062E+08  0.000E+00  0.000E+00  0.000E+00  0.000E+00  0.000E+00  0.000E+00
  329.5000  0.000E+00  0.000E+00  0.000E+00  0.000E+00  0.000E+00  0.000E+00  0.000E+00  0.000E+00  1.420E+10  2.871E+12  1.201E+13  2.124E+13  2.639E+13  2.514E+13  1.806E+13  8.287E+12  8.422E+11  1.746E+08  0.000E+00  0.000E+00  0.000E+00  0.000E+00  0.000E+00  0.000E+00
  330.5000  0.000E+00  0.000E+00  0.000E+00  0.000E+00  0.000E+00  0.000E+00  0.000E+00  0.000E+00  1.078E+10  2.208E+12  9.942E+12  1.808E+13  2.267E+13  2.156E+13  1.525E+13  6.724E+12  6.284E+11  1.447E+08  0.000E+00  0.000E+00  0.000E+00  0.000E+00  0.000E+00  0.000E+00
  331.5000  0.000E+00  0.000E+00  0.000E+00  0.000E+00  0.000E+00  0.000E+00  0.000E+00  0.000E+00  1.025E+10  2.114E+12  9.677E+12  1.771E+13  2.226E+13  2.116E+13  1.492E+13  6.517E+12  5.973E+11  1.411E+08  0.000E+00  0.000E+00  0.000E+00  0.000E+00  0.000E+00  0.000E+00
  332.5000  0.000E+00  0.000E+00  0.000E+00  0.000E+00  0.000E+00  0.000E+00  0.000E+00  0.000E+00  1.413E+10  2.823E+12  1.136E+13  1.987E+13  2.460E+13  2.345E+13  1.693E+13  7.918E+12  8.433E+11  1.689E+08  0.000E+00  0.000E+00  0.000E+00  0.000E+00  0.000E+00  0.000E+00
  333.5000  0.000E+00  0.000E+00  0.000E+00  0.000E+00  0.000E+00  0.000E+00  0.000E+00  0.000E+00  1.142E+10  2.334E+12  9.966E+12  1.780E+13  2.220E+13  2.113E+13  1.509E+13  6.838E+12  6.769E+11  1.469E+08  0.000E+00  0.000E+00  0.000E+00  0.000E+00  0.000E+00  0.000E+00
  334.5000  0.000E+00  0.000E+00  0.000E+00  0.000E+00  0.000E+00  0.000E+00  0.000E+00  0.000E+00  1.375E+10  2.800E+12  1.162E+13  2.057E+13  2.557E+13  2.436E+13  1.747E+13  8.035E+12  8.221E+11  1.724E+08  0.000E+00  0.000E+00  0.000E+00  0.000E+00  0.000E+00  0.000E+00
  335.5000  0.000E+00  0.000E+00  0.000E+00  0.000E+00  0.000E+00  0.000E+00  0.000E+00  0.000E+00  1.678E+10  3.311E+12  1.286E+13  2.225E+13  2.748E+13  2.621E+13  1.901E+13  9.039E+12  1.008E+12  1.956E+08  0.000E+00  0.000E+00  0.000E+00  0.000E+00  0.000E+00  0.000E+00
  336.5000  0.000E+00  0.000E+00  0.000E+00  0.000E+00  0.000E+00  0.000E+00  0.000E+00  0.000E+00  1.242E+10  2.486E+12  9.861E+12  1.720E+13  2.130E+13  2.031E+13  1.467E+13  6.895E+12  7.473E+11  1.493E+08  0.000E+00  0.000E+00  0.000E+00  0.000E+00  0.000E+00  0.000E+00
  337.5000  0.000E+00  0.000E+00  0.000E+00  0.000E+00  0.000E+00  0.000E+00  0.000E+00  0.000E+00  1.203E+10  2.467E+12  1.027E+13  1.822E+13  2.269E+13  2.161E+13  1.546E+13  7.091E+12  7.219E+11  1.538E+08  0.000E+00  0.000E+00  0.000E+00  0.000E+00  0.000E+00  0.000E+00
  338.5000  0.000E+00  0.000E+00  0.000E+00  0.000E+00  0.000E+00  0.000E+00  0.000E+00  0.000E+00  1.541E+10  3.064E+12  1.188E+13  2.060E+13  2.546E+13  2.428E+13  1.758E+13  8.352E+12  9.320E+11  1.824E+08  0.000E+00  0.000E+00  0.000E+00  0.000E+00  0.000E+00  0.000E+00
  339.5000  0.000E+00  0.000E+00  0.000E+00  0.000E+00  0.000E+00  0.000E+00  0.000E+00  0.000E+00  1.722E+10  3.418E+12  1.313E+13  2.272E+13  2.807E+13  2.677E+13  1.940E+13  9.253E+12  1.045E+12  2.028E+08  0.000E+00  0.000E+00  0.000E+00  0.000E+00  0.000E+00  0.000E+00
  340.5000  0.000E+00  0.000E+00  0.000E+00  0.000E+00  0.000E+00  0.000E+00  0.000E+00  0.000E+00  1.712E+10  3.461E+12  1.367E+13  2.389E+13  2.961E+13  2.822E+13  2.035E+13  9.565E+12  1.040E+12  2.095E+08  0.000E+00  0.000E+00  0.000E+00  0.000E+00  0.000E+00  0.000E+00
  341.5000  0.000E+00  0.000E+00  0.000E+00  0.000E+00  0.000E+00  0.000E+00  0.000E+00  0.000E+00  1.693E+10  3.354E+12  1.276E+13  2.204E+13  2.722E+13  2.596E+13  1.883E+13  9.009E+12  1.031E+12  1.992E+08  0.000E+00  0.000E+00  0.000E+00  0.000E+00  0.000E+00  0.000E+00
  342.5000  0.000E+00  0.000E+00  0.000E+00  0.000E+00  0.000E+00  0.000E+00  0.000E+00  0.000E+00  1.915E+10  3.789E+12  1.432E+13  2.471E+13  3.051E+13  2.910E+13  2.111E+13  1.013E+13  1.169E+12  2.248E+08  0.000E+00  0.000E+00  0.000E+00  0.000E+00  0.000E+00  0.000E+00
  343.5000  0.000E+00  0.000E+00  0.000E+00  0.000E+00  0.000E+00  0.000E+00  0.000E+00  0.000E+00  1.917E+10  3.842E+12  1.472E+13  2.555E+13  3.160E+13  3.014E+13  2.180E+13  1.038E+13  1.173E+12  2.302E+08  0.000E+00  0.000E+00  0.000E+00  0.000E+00  0.000E+00  0.000E+00
  344.5000  0.000E+00  0.000E+00  0.000E+00  0.000E+00  0.000E+00  0.000E+00  0.000E+00  0.000E+00  1.292E+10  2.620E+12  1.020E+13  1.780E+13  2.207E+13  2.103E+13  1.516E+13  7.159E+12  7.921E+11  1.588E+08  0.000E+00  0.000E+00  0.000E+00  0.000E+00  0.000E+00  0.000E+00
  345.5000  0.000E+00  0.000E+00  0.000E+00  0.000E+00  0.000E+00  0.000E+00  0.000E+00  0.000E+00  1.973E+10  3.912E+12  1.466E+13  2.531E+13  3.126E+13  2.982E+13  2.162E+13  1.039E+13  1.212E+12  2.330E+08  0.000E+00  0.000E+00  0.000E+00  0.000E+00  0.000E+00  0.000E+00
  346.5000  0.000E+00  0.000E+00  0.000E+00  0.000E+00  0.000E+00  0.000E+00  0.000E+00  0.000E+00  1.730E+10  3.498E+12  1.343E+13  2.339E+13  2.897E+13  2.762E+13  1.993E+13  9.458E+12  1.065E+12  2.117E+08  0.000E+00  0.000E+00  0.000E+00  0.000E+00  0.000E+00  0.000E+00
  347.5000  0.000E+00  0.000E+00  0.000E+00  0.000E+00  0.000E+00  0.000E+00  0.000E+00  0.000E+00  1.704E+10  3.453E+12  1.323E+13  2.305E+13  2.856E+13  2.722E+13  1.964E+13  9.321E+12  1.052E+12  2.092E+08  0.000E+00  0.000E+00  0.000E+00  0.000E+00  0.000E+00  0.000E+00
  348.5000  0.000E+00  0.000E+00  0.000E+00  0.000E+00  0.000E+00  0.000E+00  0.000E+00  0.000E+00  1.921E+10  3.881E+12  1.476E+13  2.566E+13  3.179E+13  3.030E+13  2.188E+13  1.041E+13  1.188E+12  2.347E+08  0.000E+00  0.000E+00  0.000E+00  0.000E+00  0.000E+00  0.000E+00
  349.5000  0.000E+00  0.000E+00  0.000E+00  0.000E+00  0.000E+00  0.000E+00  0.000E+00  0.000E+00  1.605E+10  3.259E+12  1.242E+13  2.162E+13  2.680E+13  2.555E+13  1.842E+13  8.755E+12  9.961E+11  1.977E+08  0.000E+00  0.000E+00  0.000E+00  0.000E+00  0.000E+00  0.000E+00
  350.5000  0.000E+00  0.000E+00  0.000E+00  0.000E+00  0.000E+00  0.000E+00  0.000E+00  0.000E+00  2.261E+10  4.603E+12  1.751E+13  3.052E+13  3.783E+13  3.606E+13  2.600E+13  1.235E+13  1.407E+12  2.795E+08  0.000E+00  0.000E+00  0.000E+00  0.000E+00  0.000E+00  0.000E+00
  351.5000  0.000E+00  0.000E+00  0.000E+00  0.000E+00  0.000E+00  0.000E+00  0.000E+00  0.000E+00  1.931E+10  3.957E+12  1.512E+13  2.640E+13  3.276E+13  3.122E+13  2.248E+13  1.065E+13  1.206E+12  2.413E+08  0.000E+00  0.000E+00  0.000E+00  0.000E+00  0.000E+00  0.000E+00
  352.5000  0.000E+00  0.000E+00  0.000E+00  0.000E+00  0.000E+00  0.000E+00  0.000E+00  0.000E+00  1.757E+10  3.606E+12  1.375E+13  2.402E+13  2.980E+13  2.840E+13  2.044E+13  9.686E+12  1.100E+12  2.201E+08  0.000E+00  0.000E+00  0.000E+00  0.000E+00  0.000E+00  0.000E+00
  353.5000  0.000E+00  0.000E+00  0.000E+00  0.000E+00  0.000E+00  0.000E+00  0.000E+00  0.000E+00  2.143E+10  4.401E+12  1.671E+13  2.920E+13  3.623E+13  3.453E+13  2.485E+13  1.178E+13  1.345E+12  2.686E+08  0.000E+00  0.000E+00  0.000E+00  0.000E+00  0.000E+00  0.000E+00
  354.5000  0.000E+00  0.000E+00  0.000E+00  0.000E+00  0.000E+00  0.000E+00  0.000E+00  0.000E+00  2.344E+10  4.821E+12  1.825E+13  3.190E+13  3.958E+13  3.772E+13  2.714E+13  1.288E+13  1.476E+12  2.944E+08  0.000E+00  0.000E+00  0.000E+00  0.000E+00  0.000E+00  0.000E+00
  355.5000  0.000E+00  0.000E+00  0.000E+00  0.000E+00  0.000E+00  0.000E+00  0.000E+00  0.000E+00  2.195E+10  4.528E+12  1.715E+13  3.001E+13  3.725E+13  3.550E+13  2.553E+13  1.210E+13  1.385E+12  2.771E+08  0.000E+00  0.000E+00  0.000E+00  0.000E+00  0.000E+00  0.000E+00
  356.5000  0.000E+00  0.000E+00  0.000E+00  0.000E+00  0.000E+00  0.000E+00  0.000E+00  0.000E+00  2.036E+10  4.218E+12  1.600E+13  2.803E+13  3.480E+13  3.316E+13  2.383E+13  1.128E+13  1.289E+12  2.587E+08  0.000E+00  0.000E+00  0.000E+00  0.000E+00  0.000E+00  0.000E+00
  357.5000  0.000E+00  0.000E+00  0.000E+00  0.000E+00  0.000E+00  0.000E+00  0.000E+00  0.000E+00  1.728E+10  3.597E+12  1.366E+13  2.397E+13  2.978E+13  2.838E+13  2.038E+13  9.624E+12  1.097E+12  2.211E+08  0.000E+00  0.000E+00  0.000E+00  0.000E+00  0.000E+00  0.000E+00
  358.5000  0.000E+00  0.000E+00  0.000E+00  0.000E+00  0.000E+00  0.000E+00  0.000E+00  0.000E+00  1.342E+10  2.799E+12  1.062E+13  1.865E+13  2.317E+13  2.208E+13  1.585E+13  7.480E+12  8.541E+11  1.723E+08  0.000E+00  0.000E+00  0.000E+00  0.000E+00  0.000E+00  0.000E+00
  359.5000  0.000E+00  0.000E+00  0.000E+00  0.000E+00  0.000E+00  0.000E+00  0.000E+00  0.000E+00  2.258E+10  4.731E+12  1.796E+13  3.159E+13  3.927E+13  3.741E+13  2.683E+13  1.265E+13  1.442E+12  2.917E+08  0.000E+00  0.000E+00  0.000E+00  0.000E+00  0.000E+00  0.000E+00
  360.5000  0.000E+00  0.000E+00  0.000E+00  0.000E+00  0.000E+00  0.000E+00  0.000E+00  0.000E+00  2.095E+10  4.407E+12  1.674E+13  2.948E+13  3.666E+13  3.492E+13  2.503E+13  1.178E+13  1.342E+12  2.723E+08  0.000E+00  0.000E+00  0.000E+00  0.000E+00  0.000E+00  0.000E+00
  361.5000  0.000E+00  0.000E+00  0.000E+00  0.000E+00  0.000E+00  0.000E+00  0.000E+00  0.000E+00  1.897E+10  4.001E+12  1.519E+13  2.678E+13  3.331E+13  3.173E+13  2.273E+13  1.069E+13  1.219E+12  2.476E+08  0.000E+00  0.000E+00  0.000E+00  0.000E+00  0.000E+00  0.000E+00
  362.5000  0.000E+00  0.000E+00  0.000E+00  0.000E+00  0.000E+00  0.000E+00  0.000E+00  0.000E+00  2.233E+10  4.726E+12  1.795E+13  3.167E+13  3.941E+13  3.754E+13  2.688E+13  1.263E+13  1.439E+12  2.930E+08  0.000E+00  0.000E+00  0.000E+00  0.000E+00  0.000E+00  0.000E+00
  363.5000  0.000E+00  0.000E+00  0.000E+00  0.000E+00  0.000E+00  0.000E+00  0.000E+00  0.000E+00  1.988E+10  4.225E+12  1.606E+13  2.837E+13  3.531E+13  3.363E+13  2.406E+13  1.129E+13  1.285E+12  2.624E+08  0.000E+00  0.000E+00  0.000E+00  0.000E+00  0.000E+00  0.000E+00
  364.5000  0.000E+00  0.000E+00  0.000E+00  0.000E+00  0.000E+00  0.000E+00  0.000E+00  0.000E+00  2.168E+10  4.626E+12  1.760E+13  3.114E+13  3.878E+13  3.693E+13  2.641E+13  1.237E+13  1.406E+12  2.879E+08  0.000E+00  0.000E+00  0.000E+00  0.000E+00  0.000E+00  0.000E+00
  365.5000  0.000E+00  0.000E+00  0.000E+00  0.000E+00  0.000E+00  0.000E+00  0.000E+00  0.000E+00  2.638E+10  5.654E+12  2.155E+13  3.819E+13  4.756E+13  4.530E+13  3.237E+13  1.513E+13  1.715E+12  3.527E+08  0.000E+00  0.000E+00  0.000E+00  0.000E+00  0.000E+00  0.000E+00
  366.5000  0.000E+00  0.000E+00  0.000E+00  0.000E+00  0.000E+00  0.000E+00  0.000E+00  0.000E+00  2.797E+10  6.018E+12  2.294E+13  4.070E+13  5.071E+13  4.830E+13  3.449E+13  1.610E+13  1.825E+12  3.760E+08  0.000E+00  0.000E+00  0.000E+00  0.000E+00  0.000E+00  0.000E+00
  367.5000  0.000E+00  0.000E+00  0.000E+00  0.000E+00  0.000E+00  0.000E+00  0.000E+00  0.000E+00  2.659E+10  5.747E+12  2.191E+13  3.893E+13  4.851E+13  4.620E+13  3.297E+13  1.537E+13  1.742E+12  3.595E+08  0.000E+00  0.000E+00  0.000E+00  0.000E+00  0.000E+00  0.000E+00
  368.5000  0.000E+00  0.000E+00  0.000E+00  0.000E+00  0.000E+00  0.000E+00  0.000E+00  0.000E+00  2.341E+10  5.070E+12  1.935E+13  3.443E+13  4.292E+13  4.087E+13  2.915E+13  1.357E+13  1.535E+12  3.180E+08  0.000E+00  0.000E+00  0.000E+00  0.000E+00  0.000E+00  0.000E+00
  369.5000  0.000E+00  0.000E+00  0.000E+00  0.000E+00  0.000E+00  0.000E+00  0.000E+00  0.000E+00  2.803E+10  6.108E+12  2.334E+13  4.157E+13  5.184E+13  4.937E+13  3.519E+13  1.635E+13  1.848E+12  3.835E+08  0.000E+00  0.000E+00  0.000E+00  0.000E+00  0.000E+00  0.000E+00
  370.5000  0.000E+00  0.000E+00  0.000E+00  0.000E+00  0.000E+00  0.000E+00  0.000E+00  0.000E+00  2.549E+10  5.566E+12  2.128E+13  3.798E+13  4.737E+13  4.511E+13  3.213E+13  1.491E+13  1.683E+12  3.504E+08  0.000E+00  0.000E+00  0.000E+00  0.000E+00  0.000E+00  0.000E+00
  371.5000  0.000E+00  0.000E+00  0.000E+00  0.000E+00  0.000E+00  0.000E+00  0.000E+00  0.000E+00  2.916E+10  6.398E+12  2.449E+13  4.375E+13  5.459E+13  5.198E+13  3.701E+13  1.714E+13  1.932E+12  4.033E+08  0.000E+00  0.000E+00  0.000E+00  0.000E+00  0.000E+00  0.000E+00
  372.5000  0.000E+00  0.000E+00  0.000E+00  0.000E+00  0.000E+00  0.000E+00  0.000E+00  0.000E+00  2.154E+10  4.748E+12  1.819E+13  3.254E+13  4.061E+13  3.867E+13  2.752E+13  1.272E+13  1.433E+12  2.997E+08  0.000E+00  0.000E+00  0.000E+00  0.000E+00  0.000E+00  0.000E+00
  373.5000  0.000E+00  0.000E+00  0.000E+00  0.000E+00  0.000E+00  0.000E+00  0.000E+00  0.000E+00  1.947E+10  4.308E+12  1.653E+13  2.961E+13  3.697E+13  3.520E+13  2.503E+13  1.155E+13  1.299E+12  2.725E+08  0.000E+00  0.000E+00  0.000E+00  0.000E+00  0.000E+00  0.000E+00
  374.5000  0.000E+00  0.000E+00  0.000E+00  0.000E+00  0.000E+00  0.000E+00  0.000E+00  0.000E+00  2.132E+10  4.748E+12  1.823E+13  3.272E+13  4.086E+13  3.890E+13  2.765E+13  1.274E+13  1.430E+12  3.005E+08  0.000E+00  0.000E+00  0.000E+00  0.000E+00  0.000E+00  0.000E+00
  375.5000  0.000E+00  0.000E+00  0.000E+00  0.000E+00  0.000E+00  0.000E+00  0.000E+00  0.000E+00  2.413E+10  5.382E+12  2.069E+13  3.717E+13  4.643E+13  4.420E+13  3.140E+13  1.444E+13  1.620E+12  3.416E+08  0.000E+00  0.000E+00  0.000E+00  0.000E+00  0.000E+00  0.000E+00
  376.5000  0.000E+00  0.000E+00  0.000E+00  0.000E+00  0.000E+00  0.000E+00  0.000E+00  0.000E+00  2.409E+10  5.398E+12  2.077E+13  3.738E+13  4.670E+13  4.446E+13  3.156E+13  1.449E+13  1.623E+12  3.432E+08  0.000E+00  0.000E+00  0.000E+00  0.000E+00  0.000E+00  0.000E+00
  377.5000  0.000E+00  0.000E+00  0.000E+00  0.000E+00  0.000E+00  0.000E+00  0.000E+00  0.000E+00  2.872E+10  6.457E+12  2.488E+13  4.482E+13  5.601E+13  5.332E+13  3.784E+13  1.734E+13  1.939E+12  4.112E+08  0.000E+00  0.000E+00  0.000E+00  0.000E+00  0.000E+00  0.000E+00
  378.5000  0.000E+00  0.000E+00  0.000E+00  0.000E+00  0.000E+00  0.000E+00  0.000E+00  0.000E+00  3.128E+10  7.065E+12  2.726E+13  4.918E+13  6.147E+13  5.852E+13  4.151E+13  1.898E+13  2.120E+12  4.507E+08  0.000E+00  0.000E+00  0.000E+00  0.000E+00  0.000E+00  0.000E+00
  379.5000  0.000E+00  0.000E+00  0.000E+00  0.000E+00  0.000E+00  0.000E+00  0.000E+00  0.000E+00  2.312E+10  5.249E+12  2.028E+13  3.664E+13  4.580E+13  4.360E+13  3.091E+13  1.411E+13  1.573E+12  3.353E+08  0.000E+00  0.000E+00  0.000E+00  0.000E+00  0.000E+00  0.000E+00
  380.5000  0.000E+00  0.000E+00  0.000E+00  0.000E+00  0.000E+00  0.000E+00  0.000E+00  0.000E+00  2.776E+10  6.341E+12  2.452E+13  4.437E+13  5.548E+13  5.281E+13  3.742E+13  1.705E+13  1.899E+12  4.054E+08  0.000E+00  0.000E+00  0.000E+00  0.000E+00  0.000E+00  0.000E+00
  381.5000  0.000E+00  0.000E+00  0.000E+00  0.000E+00  0.000E+00  0.000E+00  0.000E+00  0.000E+00  2.619E+10  5.984E+12  2.317E+13  4.199E+13  5.251E+13  4.998E+13  3.540E+13  1.610E+13  1.792E+12  3.838E+08  0.000E+00  0.000E+00  0.000E+00  0.000E+00  0.000E+00  0.000E+00
  382.5000  0.000E+00  0.000E+00  0.000E+00  0.000E+00  0.000E+00  0.000E+00  0.000E+00  0.000E+00  1.744E+10  4.004E+12  1.553E+13  2.817E+13  3.524E+13  3.354E+13  2.374E+13  1.078E+13  1.197E+12  2.571E+08  0.000E+00  0.000E+00  0.000E+00  0.000E+00  0.000E+00  0.000E+00
  383.5000  0.000E+00  0.000E+00  0.000E+00  0.000E+00  0.000E+00  0.000E+00  0.000E+00  0.000E+00  1.529E+10  3.531E+12  1.371E+13  2.491E+13  3.116E+13  2.966E+13  2.099E+13  9.510E+12  1.055E+12  2.269E+08  0.000E+00  0.000E+00  0.000E+00  0.000E+00  0.000E+00  0.000E+00
  384.5000  0.000E+00  0.000E+00  0.000E+00  0.000E+00  0.000E+00  0.000E+00  0.000E+00  0.000E+00  2.290E+10  5.321E+12  2.069E+13  3.764E+13  4.709E+13  4.483E+13  3.171E+13  1.434E+13  1.587E+12  3.422E+08  0.000E+00  0.000E+00  0.000E+00  0.000E+00  0.000E+00  0.000E+00
  385.5000  0.000E+00  0.000E+00  0.000E+00  0.000E+00  0.000E+00  0.000E+00  0.000E+00  0.000E+00  2.267E+10  5.288E+12  2.058E+13  3.750E+13  4.693E+13  4.467E+13  3.158E+13  1.426E+13  1.578E+12  3.407E+08  0.000E+00  0.000E+00  0.000E+00  0.000E+00  0.000E+00  0.000E+00
  386.5000  0.000E+00  0.000E+00  0.000E+00  0.000E+00  0.000E+00  0.000E+00  0.000E+00  0.000E+00  2.314E+10  5.413E+12  2.110E+13  3.850E+13  4.818E+13  4.586E+13  3.241E+13  1.460E+13  1.613E+12  3.494E+08  0.000E+00  0.000E+00  0.000E+00  0.000E+00  0.000E+00  0.000E+00
  387.5000  0.000E+00  0.000E+00  0.000E+00  0.000E+00  0.000E+00  0.000E+00  0.000E+00  0.000E+00  2.146E+10  5.052E+12  1.972E+13  3.603E+13  4.509E+13  4.292E+13  3.032E+13  1.363E+13  1.504E+12  3.264E+08  0.000E+00  0.000E+00  0.000E+00  0.000E+00  0.000E+00  0.000E+00
  388.5000  0.000E+00  0.000E+00  0.000E+00  0.000E+00  0.000E+00  0.000E+00  0.000E+00  0.000E+00  2.157E+10  5.084E+12  1.988E+13  3.636E+13  4.552E+13  4.333E+13  3.060E+13  1.373E+13  1.512E+12  3.293E+08  0.000E+00  0.000E+00  0.000E+00  0.000E+00  0.000E+00  0.000E+00
  389.5000  0.000E+00  0.000E+00  0.000E+00  0.000E+00  0.000E+00  0.000E+00  0.000E+00  0.000E+00  2.709E+10  6.439E+12  2.521E+13  4.618E+13  5.781E+13  5.502E+13  3.885E+13  1.740E+13  1.913E+12  4.170E+08  0.000E+00  0.000E+00  0.000E+00  0.000E+00  0.000E+00  0.000E+00
  390.5000  0.000E+00  0.000E+00  0.000E+00  0.000E+00  0.000E+00  0.000E+00  0.000E+00  0.000E+00  2.664E+10  6.351E+12  2.490E+13  4.568E+13  5.719E+13  5.443E+13  3.842E+13  1.717E+13  1.886E+12  4.121E+08  0.000E+00  0.000E+00  0.000E+00  0.000E+00  0.000E+00  0.000E+00
  391.5000  0.000E+00  0.000E+00  0.000E+00  0.000E+00  0.000E+00  0.000E+00  0.000E+00  0.000E+00  3.154E+10  7.567E+12  2.971E+13  5.457E+13  6.833E+13  6.504E+13  4.589E+13  2.047E+13  2.245E+12  4.912E+08  0.000E+00  0.000E+00  0.000E+00  0.000E+00  0.000E+00  0.000E+00
  392.5000  0.000E+00  0.000E+00  0.000E+00  0.000E+00  0.000E+00  0.000E+00  0.000E+00  0.000E+00  2.366E+10  5.699E+12  2.241E+13  4.121E+13  5.160E+13  4.912E+13  3.465E+13  1.542E+13  1.690E+12  3.706E+08  0.000E+00  0.000E+00  0.000E+00  0.000E+00  0.000E+00  0.000E+00
  393.5000  0.000E+00  0.000E+00  0.000E+00  0.000E+00  0.000E+00  0.000E+00  0.000E+00  0.000E+00  1.030E+10  2.488E+12  9.799E+12  1.804E+13  2.259E+13  2.151E+13  1.516E+13  6.738E+12  7.370E+11  1.621E+08  0.000E+00  0.000E+00  0.000E+00  0.000E+00  0.000E+00  0.000E+00
  394.5000  0.000E+00  0.000E+00  0.000E+00  0.000E+00  0.000E+00  0.000E+00  0.000E+00  0.000E+00  2.419E+10  5.877E+12  2.319E+13  4.275E+13  5.354E+13  5.096E+13  3.593E+13  1.593E+13  1.739E+12  3.833E+08  0.000E+00  0.000E+00  0.000E+00  0.000E+00  0.000E+00  0.000E+00
  395.5000  0.000E+00  0.000E+00  0.000E+00  0.000E+00  0.000E+00  0.000E+00  0.000E+00  0.000E+00  3.111E+10  7.593E+12  3.001E+13  5.539E+13  6.937E+13  6.603E+13  4.654E+13  2.059E+13  2.245E+12  4.958E+08  0.000E+00  0.000E+00  0.000E+00  0.000E+00  0.000E+00  0.000E+00
  396.5000  0.000E+00  0.000E+00  0.000E+00  0.000E+00  0.000E+00  0.000E+00  0.000E+00  0.000E+00  1.826E+10  4.478E+12  1.773E+13  3.276E+13  4.102E+13  3.905E+13  2.752E+13  1.215E+13  1.323E+12  2.927E+08  0.000E+00  0.000E+00  0.000E+00  0.000E+00  0.000E+00  0.000E+00
  397.5000  0.000E+00  0.000E+00  0.000E+00  0.000E+00  0.000E+00  0.000E+00  0.000E+00  0.000E+00  2.113E+10  5.189E+12  2.057E+13  3.807E+13  4.768E+13  4.538E+13  3.197E+13  1.409E+13  1.532E+12  3.399E+08  0.000E+00  0.000E+00  0.000E+00  0.000E+00  0.000E+00  0.000E+00
  398.5000  0.000E+00  0.000E+00  0.000E+00  0.000E+00  0.000E+00  0.000E+00  0.000E+00  0.000E+00  3.628E+10  8.954E+12  3.556E+13  6.588E+13  8.250E+13  7.854E+13  5.532E+13  2.433E+13  2.642E+12  5.873E+08  0.000E+00  0.000E+00  0.000E+00  0.000E+00  0.000E+00  0.000E+00
  399.5000  0.000E+00  0.000E+00  0.000E+00  0.000E+00  0.000E+00  0.000E+00  0.000E+00  0.000E+00  3.780E+10  9.353E+12  3.721E+13  6.901E+13  8.642E+13  8.227E+13  5.793E+13  2.544E+13  2.758E+12  6.146E+08  0.000E+00  0.000E+00  0.000E+00  0.000E+00  0.000E+00  0.000E+00
  400.5000  0.000E+00  0.000E+00  0.000E+00  0.000E+00  0.000E+00  0.000E+00  0.000E+00  0.000E+00  3.957E+10  9.873E+12  3.935E+13  7.306E+13  9.149E+13  8.710E+13  6.133E+13  2.687E+13  2.908E+12  6.487E+08  0.000E+00  0.000E+00  0.000E+00  0.000E+00  0.000E+00  0.000E+00
  401.5000  0.000E+00  0.000E+00  0.000E+00  0.000E+00  0.000E+00  0.000E+00  0.000E+00  0.000E+00  4.062E+10  1.020E+13  4.072E+13  7.569E+13  9.479E+13  9.024E+13  6.353E+13  2.778E+13  3.001E+12  6.706E+08  0.000E+00  0.000E+00  0.000E+00  0.000E+00  0.000E+00  0.000E+00
  402.5000  0.000E+00  0.000E+00  0.000E+00  0.000E+00  0.000E+00  0.000E+00  0.000E+00  0.000E+00  4.222E+10  1.063E+13  4.252E+13  7.914E+13  9.910E+13  9.435E+13  6.641E+13  2.898E+13  3.127E+12  7.003E+08  0.000E+00  0.000E+00  0.000E+00  0.000E+00  0.000E+00  0.000E+00
  403.5000  0.000E+00  0.000E+00  0.000E+00  0.000E+00  0.000E+00  0.000E+00  0.000E+00  0.000E+00  3.856E+10  9.772E+12  3.916E+13  7.295E+13  9.134E+13  8.696E+13  6.120E+13  2.666E+13  2.872E+12  6.440E+08  0.000E+00  0.000E+00  0.000E+00  0.000E+00  0.000E+00  0.000E+00
  404.5000  0.000E+00  0.000E+00  0.000E+00  0.000E+00  0.000E+00  0.000E+00  0.000E+00  0.000E+00  3.781E+10  9.625E+12  3.864E+13  7.205E+13  9.022E+13  8.590E+13  6.045E+13  2.627E+13  2.826E+12  6.351E+08  0.000E+00  0.000E+00  0.000E+00  0.000E+00  0.000E+00  0.000E+00
  405.5000  0.000E+00  0.000E+00  0.000E+00  0.000E+00  0.000E+00  0.000E+00  0.000E+00  0.000E+00  3.941E+10  1.004E+13  4.038E+13  7.538E+13  9.438E+13  8.986E+13  6.323E+13  2.743E+13  2.947E+12  6.637E+08  0.000E+00  0.000E+00  0.000E+00  0.000E+00  0.000E+00  0.000E+00
  406.5000  0.000E+00  0.000E+00  0.000E+00  0.000E+00  0.000E+00  0.000E+00  0.000E+00  0.000E+00  3.694E+10  9.495E+12  3.826E+13  7.150E+13  8.951E+13  8.523E+13  5.997E+13  2.596E+13  2.784E+12  6.276E+08  0.000E+00  0.000E+00  0.000E+00  0.000E+00  0.000E+00  0.000E+00
  407.5000  0.000E+00  0.000E+00  0.000E+00  0.000E+00  0.000E+00  0.000E+00  0.000E+00  0.000E+00  3.729E+10  9.609E+12  3.880E+13  7.258E+13  9.086E+13  8.652E+13  6.087E+13  2.630E+13  2.815E+12  6.362E+08  0.000E+00  0.000E+00  0.000E+00  0.000E+00  0.000E+00  0.000E+00
  408.5000  0.000E+00  0.000E+00  0.000E+00  0.000E+00  0.000E+00  0.000E+00  0.000E+00  0.000E+00  4.153E+10  1.074E+13  4.346E+13  8.140E+13  1.019E+14  9.702E+13  6.825E+13  2.943E+13  3.145E+12  7.122E+08  0.000E+00  0.000E+00  0.000E+00  0.000E+00  0.000E+00  0.000E+00
  409.5000  0.000E+00  0.000E+00  0.000E+00  0.000E+00  0.000E+00  0.000E+00  0.000E+00  0.000E+00  4.049E+10  1.057E+13  4.286E+13  8.035E+13  1.006E+14  9.577E+13  6.737E+13  2.899E+13  3.092E+12  7.010E+08  0.000E+00  0.000E+00  0.000E+00  0.000E+00  0.000E+00  0.000E+00
  410.5000  0.000E+00  0.000E+00  0.000E+00  0.000E+00  0.000E+00  0.000E+00  0.000E+00  0.000E+00  3.520E+10  9.205E+12  3.740E+13  7.017E+13  8.782E+13  8.363E+13  5.883E+13  2.527E+13  2.691E+12  6.114E+08  0.000E+00  0.000E+00  0.000E+00  0.000E+00  0.000E+00  0.000E+00
  411.5000  0.000E+00  0.000E+00  0.000E+00  0.000E+00  0.000E+00  0.000E+00  0.000E+00  0.000E+00  4.226E+10  1.111E+13  4.523E+13  8.494E+13  1.063E+14  1.012E+14  7.121E+13  3.052E+13  3.245E+12  7.385E+08  0.000E+00  0.000E+00  0.000E+00  0.000E+00  0.000E+00  0.000E+00
  412.5000  0.000E+00  0.000E+00  0.000E+00  0.000E+00  0.000E+00  0.000E+00  0.000E+00  0.000E+00  4.178E+10  1.106E+13  4.511E+13  8.478E+13  1.061E+14  1.010E+14  7.107E+13  3.041E+13  3.229E+12  7.358E+08  0.000E+00  0.000E+00  0.000E+00  0.000E+00  0.000E+00  0.000E+00
  413.5000  0.000E+00  0.000E+00  0.000E+00  0.000E+00  0.000E+00  0.000E+00  0.000E+00  0.000E+00  4.086E+10  1.077E+13  4.402E+13  8.281E+13  1.036E+14  9.867E+13  6.942E+13  2.964E+13  3.144E+12  7.183E+08  0.000E+00  0.000E+00  0.000E+00  0.000E+00  0.000E+00  0.000E+00
  414.5000  0.000E+00  0.000E+00  0.000E+00  0.000E+00  0.000E+00  0.000E+00  0.000E+00  0.000E+00  4.175E+10  1.112E+13  4.552E+13  8.571E+13  1.072E+14  1.021E+14  7.184E+13  3.062E+13  3.241E+12  7.414E+08  0.000E+00  0.000E+00  0.000E+00  0.000E+00  0.000E+00  0.000E+00
  415.5000  0.000E+00  0.000E+00  0.000E+00  0.000E+00  0.000E+00  0.000E+00  0.000E+00  0.000E+00  3.991E+10  1.067E+13  4.380E+13  8.254E+13  1.032E+14  9.833E+13  6.918E+13  2.943E+13  3.110E+12  7.124E+08  0.000E+00  0.000E+00  0.000E+00  0.000E+00  0.000E+00  0.000E+00
  416.5000  0.000E+00  0.000E+00  0.000E+00  0.000E+00  0.000E+00  0.000E+00  0.000E+00  0.000E+00  4.335E+10  1.166E+13  4.796E+13  9.045E+13  1.131E+14  1.077E+14  7.581E+13  3.219E+13  3.394E+12  7.792E+08  0.000E+00  0.000E+00  0.000E+00  0.000E+00  0.000E+00  0.000E+00
  417.5000  0.000E+00  0.000E+00  0.000E+00  0.000E+00  0.000E+00  0.000E+00  0.000E+00  0.000E+00  3.959E+10  1.070E+13  4.411E+13  8.326E+13  1.041E+14  9.917E+13  6.978E+13  2.957E+13  3.113E+12  7.156E+08  0.000E+00  0.000E+00  0.000E+00  0.000E+00  0.000E+00  0.000E+00
  418.5000  0.000E+00  0.000E+00  0.000E+00  0.000E+00  0.000E+00  0.000E+00  0.000E+00  0.000E+00  3.986E+10  1.083E+13  4.473E+13  8.450E+13  1.056E+14  1.006E+14  7.081E+13  2.995E+13  3.148E+12  7.247E+08  0.000E+00  0.000E+00  0.000E+00  0.000E+00  0.000E+00  0.000E+00
  419.5000  0.000E+00  0.000E+00  0.000E+00  0.000E+00  0.000E+00  0.000E+00  0.000E+00  0.000E+00  4.116E+10  1.123E+13  4.650E+13  8.790E+13  1.099E+14  1.047E+14  7.366E+13  3.110E+13  3.264E+12  7.523E+08  0.000E+00  0.000E+00  0.000E+00  0.000E+00  0.000E+00  0.000E+00
------------------------------------------------------------
Photolysis rate coefficients, s-1
   1 = O3 -> O2 + O(1D)                                  
   2 = NO2 -> NO + O(3P)                                 
   3 = HNO2 -> OH + NO                                   
   4 = HNO3 -> OH + NO2                                  
   5 = ClNO2 -> Cl + NO2                                 
values at z =      0.263 km
Columns: time, sza, photo-reactions
time, hrs.  sza, deg.          1          2          3          4          5
    0.0000    146.614  0.000E+00  0.000E+00  0.000E+00  0.000E+00  0.000E+00
    1.0000    145.901  0.000E+00  0.000E+00  0.000E+00  0.000E+00  0.000E+00
    2.0000    141.849  0.000E+00  0.000E+00  0.000E+00  0.000E+00  0.000E+00
    3.0000    135.459  0.000E+00  0.000E+00  0.000E+00  0.000E+00  0.000E+00
    4.0000    127.747  0.000E+00  0.000E+00  0.000E+00  0.000E+00  0.000E+00
    5.0000    119.440  0.000E+00  0.000E+00  0.000E+00  0.000E+00  0.000E+00
    6.0000    111.038  0.000E+00  0.000E+00  0.000E+00  0.000E+00  0.000E+00
    7.0000    102.920  0.000E+00  0.000E+00  0.000E+00  0.000E+00  0.000E+00
    8.0000     95.425  2.672E-10  9.151E-07  1.509E-07  1.197E-11  3.340E-08
    9.0000     88.891  4.060E-08  2.060E-04  3.210E-05  2.130E-09  6.848E-06
   10.0000     83.665  1.932E-07  8.072E-04  1.244E-04  1.042E-08  2.809E-05
   11.0000     80.082  4.178E-07  1.460E-03  2.211E-04  2.126E-08  5.095E-05
   12.0000     78.414  5.735E-07  1.824E-03  2.755E-04  2.813E-08  6.403E-05
   13.0000     78.803  5.337E-07  1.737E-03  2.623E-04  2.641E-08  6.085E-05
   14.0000     81.215  3.324E-07  1.233E-03  1.873E-04  1.729E-08  4.294E-05
   15.0000     85.451  1.228E-07  5.592E-04  8.691E-05  6.701E-09  1.931E-05
   16.0000     91.208  1.370E-08  6.167E-05  9.702E-06  6.502E-10  2.053E-06
   17.0000     98.141  5.351E-12  1.316E-08  2.008E-09  2.014E-13  4.491E-10
   18.0000    105.905  0.000E+00  0.000E+00  0.000E+00  0.000E+00  0.000E+00
   19.0000    114.166  0.000E+00  0.000E+00  0.000E+00  0.000E+00  0.000E+00
   20.0000    122.573  0.000E+00  0.000E+00  0.000E+00  0.000E+00  0.000E+00
   21.0000    130.712  0.000E+00  0.000E+00  0.000E+00  0.000E+00  0.000E+00
   22.0000    138.010  0.000E+00  0.000E+00  0.000E+00  0.000E+00  0.000E+00
   23.0000    143.627  0.000E+00  0.000E+00  0.000E+00  0.000E+00  0.000E+00
------------------------------------------------------------
