Spectral actinic flux, quanta cm-2 s-1 nm-1
values at z =      0.263 km
Columns: wavelength (nm), times (hrs.) or sza (deg.)
    wc, nm      0.000      1.000      2.000      3.000      4.000      5.000      6.000      7.000      8.000      9.000     10.000     11.000     12.000     13.000     14.000     15.000     16.000     17.000     18.000     19.000     20.000     21.000     22.000     23.000
    sza =     146.488    145.803    141.779    135.410    127.710    119.407    111.002    102.878     95.373     88.826     83.583     79.982     78.297     78.671     81.071     85.300     91.052     97.983    105.746    114.006    122.413    130.552    137.852    143.476
  290.5000  0.000E+00  0.000E+00  0.000E+00  0.000E+00  0.000E+00  0.000E+00  0.000E+00  0.000E+00  2.344E+03  2.883E+05  6.114E+05  8.482E+05  9.711E+05  9.430E+05  7.734E+05  5.056E+05  1.450E+05  4.606E+01  0.000E+00  0.000E+00  0.000E+00  0.000E+00  0.000E+00  0.000E+00
  291.5000  0.000E+00  0.000E+00  0.000E+00  0.000E+00  0.000E+00  0.000E+00  0.000E+00  0.000E+00  8.536E+03  1.027E+06  2.200E+06  3.079E+06  3.542E+06  3.436E+06  2.800E+06  1.813E+06  5.171E+05  1.816E+02  0.000E+00  0.000E+00  0.000E+00  0.000E+00  0.000E+00  0.000E+00
  292.5000  0.000E+00  0.000E+00  0.000E+00  0.000E+00  0.000E+00  0.000E+00  0.000E+00  0.000E+00  2.345E+04  2.771E+06  5.996E+06  8.470E+06  9.790E+06  9.486E+06  7.680E+06  4.921E+06  1.395E+06  5.340E+02  0.000E+00  0.000E+00  0.000E+00  0.000E+00  0.000E+00  0.000E+00
  293.5000  0.000E+00  0.000E+00  0.000E+00  0.000E+00  0.000E+00  0.000E+00  0.000E+00  0.000E+00  7.821E+04  9.073E+06  1.990E+07  2.843E+07  3.305E+07  3.198E+07  2.568E+07  1.625E+07  4.561E+06  1.892E+03  0.000E+00  0.000E+00  0.000E+00  0.000E+00  0.000E+00  0.000E+00
  294.5000  0.000E+00  0.000E+00  0.000E+00  0.000E+00  0.000E+00  0.000E+00  0.000E+00  0.000E+00  1.699E+05  1.941E+07  4.313E+07  6.233E+07  7.288E+07  7.043E+07  5.611E+07  3.505E+07  9.739E+06  4.321E+03  0.000E+00  0.000E+00  0.000E+00  0.000E+00  0.000E+00  0.000E+00
  295.5000  0.000E+00  0.000E+00  0.000E+00  0.000E+00  0.000E+00  0.000E+00  0.000E+00  0.000E+00  5.026E+05  5.590E+07  1.279E+08  1.877E+08  2.212E+08  2.134E+08  1.681E+08  1.032E+08  2.826E+07  1.339E+04  0.000E+00  0.000E+00  0.000E+00  0.000E+00  0.000E+00  0.000E+00
  296.5000  0.000E+00  0.000E+00  0.000E+00  0.000E+00  0.000E+00  0.000E+00  0.000E+00  0.000E+00  1.029E+06  1.142E+08  2.637E+08  3.933E+08  4.673E+08  4.499E+08  3.505E+08  2.113E+08  5.688E+07  2.854E+04  0.000E+00  0.000E+00  0.000E+00  0.000E+00  0.000E+00  0.000E+00
  297.5000  0.000E+00  0.000E+00  0.000E+00  0.000E+00  0.000E+00  0.000E+00  0.000E+00  0.000E+00  2.316E+06  2.539E+08  5.999E+08  9.114E+08  1.094E+09  1.051E+09  8.077E+08  4.769E+08  1.258E+08  6.626E+04  0.000E+00  0.000E+00  0.000E+00  0.000E+00  0.000E+00  0.000E+00
  298.5000  0.000E+00  0.000E+00  0.000E+00  0.000E+00  0.000E+00  0.000E+00  0.000E+00  0.000E+00  3.228E+06  3.504E+08  8.484E+08  1.315E+09  1.596E+09  1.529E+09  1.158E+09  6.686E+08  1.724E+08  9.464E+04  0.000E+00  0.000E+00  0.000E+00  0.000E+00  0.000E+00  0.000E+00
  299.5000  0.000E+00  0.000E+00  0.000E+00  0.000E+00  0.000E+00  0.000E+00  0.000E+00  0.000E+00  8.477E+06  9.098E+08  2.279E+09  3.622E+09  4.475E+09  4.267E+09  3.161E+09  1.777E+09  4.457E+08  2.533E+05  0.000E+00  0.000E+00  0.000E+00  0.000E+00  0.000E+00  0.000E+00
  300.5000  0.000E+00  0.000E+00  0.000E+00  0.000E+00  0.000E+00  0.000E+00  0.000E+00  0.000E+00  9.189E+06  9.845E+08  2.531E+09  4.129E+09  5.207E+09  4.938E+09  3.571E+09  1.953E+09  4.764E+08  2.784E+05  0.000E+00  0.000E+00  0.000E+00  0.000E+00  0.000E+00  0.000E+00
  301.5000  0.000E+00  0.000E+00  0.000E+00  0.000E+00  0.000E+00  0.000E+00  0.000E+00  0.000E+00  2.176E+07  2.326E+09  6.231E+09  1.060E+10  1.384E+10  1.301E+10  9.022E+09  4.741E+09  1.112E+09  6.646E+05  0.000E+00  0.000E+00  0.000E+00  0.000E+00  0.000E+00  0.000E+00
  302.5000  0.000E+00  0.000E+00  0.000E+00  0.000E+00  0.000E+00  0.000E+00  0.000E+00  0.000E+00  3.095E+07  3.306E+09  9.169E+09  1.623E+10  2.186E+10  2.040E+10  1.360E+10  6.893E+09  1.563E+09  9.496E+05  0.000E+00  0.000E+00  0.000E+00  0.000E+00  0.000E+00  0.000E+00
  303.5000  0.000E+00  0.000E+00  0.000E+00  0.000E+00  0.000E+00  0.000E+00  0.000E+00  0.000E+00  6.303E+07  6.756E+09  1.975E+10  3.743E+10  5.274E+10  4.872E+10  3.056E+10  1.457E+10  3.142E+09  1.928E+06  0.000E+00  0.000E+00  0.000E+00  0.000E+00  0.000E+00  0.000E+00
  304.5000  0.000E+00  0.000E+00  0.000E+00  0.000E+00  0.000E+00  0.000E+00  0.000E+00  0.000E+00  7.745E+07  8.328E+09  2.531E+10  5.051E+10  7.320E+10  6.722E+10  4.048E+10  1.840E+10  3.826E+09  2.365E+06  0.000E+00  0.000E+00  0.000E+00  0.000E+00  0.000E+00  0.000E+00
  305.5000  0.000E+00  0.000E+00  0.000E+00  0.000E+00  0.000E+00  0.000E+00  0.000E+00  0.000E+00  1.241E+08  1.348E+10  4.440E+10  9.753E+10  1.467E+11  1.338E+11  7.582E+10  3.128E+10  6.065E+09  3.734E+06  0.000E+00  0.000E+00  0.000E+00  0.000E+00  0.000E+00  0.000E+00
  306.5000  0.000E+00  0.000E+00  0.000E+00  0.000E+00  0.000E+00  0.000E+00  0.000E+00  0.000E+00  1.425E+08  1.574E+10  5.348E+10  1.230E+11  1.873E+11  1.705E+11  9.443E+10  3.702E+10  6.920E+09  4.266E+06  0.000E+00  0.000E+00  0.000E+00  0.000E+00  0.000E+00  0.000E+00
  307.5000  0.000E+00  0.000E+00  0.000E+00  0.000E+00  0.000E+00  0.000E+00  0.000E+00  0.000E+00  2.509E+08  2.816E+10  1.075E+11  2.693E+11  4.140E+11  3.768E+11  2.030E+11  7.110E+10  1.210E+10  7.319E+06  0.000E+00  0.000E+00  0.000E+00  0.000E+00  0.000E+00  0.000E+00
  308.5000  0.000E+00  0.000E+00  0.000E+00  0.000E+00  0.000E+00  0.000E+00  0.000E+00  0.000E+00  3.071E+08  3.481E+10  1.398E+11  3.599E+11  5.530E+11  5.037E+11  2.702E+11  9.059E+10  1.475E+10  8.880E+06  0.000E+00  0.000E+00  0.000E+00  0.000E+00  0.000E+00  0.000E+00
  309.5000  0.000E+00  0.000E+00  0.000E+00  0.000E+00  0.000E+00  0.000E+00  0.000E+00  0.000E+00  3.189E+08  3.721E+10  1.660E+11  4.415E+11  6.715E+11  6.136E+11  3.311E+11  1.035E+11  1.529E+10  8.970E+06  0.000E+00  0.000E+00  0.000E+00  0.000E+00  0.000E+00  0.000E+00
  310.5000  0.000E+00  0.000E+00  0.000E+00  0.000E+00  0.000E+00  0.000E+00  0.000E+00  0.000E+00  4.978E+08  5.966E+10  2.894E+11  7.749E+11  1.163E+12  1.066E+12  5.838E+11  1.757E+11  2.387E+10  1.364E+07  0.000E+00  0.000E+00  0.000E+00  0.000E+00  0.000E+00  0.000E+00
  311.5000  0.000E+00  0.000E+00  0.000E+00  0.000E+00  0.000E+00  0.000E+00  0.000E+00  0.000E+00  7.055E+08  8.642E+10  4.448E+11  1.187E+12  1.763E+12  1.621E+12  8.990E+11  2.658E+11  3.397E+10  1.900E+07  0.000E+00  0.000E+00  0.000E+00  0.000E+00  0.000E+00  0.000E+00
  312.5000  0.000E+00  0.000E+00  0.000E+00  0.000E+00  0.000E+00  0.000E+00  0.000E+00  0.000E+00  8.383E+08  1.087E+11  6.195E+11  1.604E+12  2.321E+12  2.146E+12  1.233E+12  3.641E+11  4.063E+10  2.144E+07  0.000E+00  0.000E+00  0.000E+00  0.000E+00  0.000E+00  0.000E+00
  313.5000  0.000E+00  0.000E+00  0.000E+00  0.000E+00  0.000E+00  0.000E+00  0.000E+00  0.000E+00  1.007E+09  1.322E+11  7.690E+11  1.973E+12  2.836E+12  2.626E+12  1.522E+12  4.512E+11  4.884E+10  2.547E+07  0.000E+00  0.000E+00  0.000E+00  0.000E+00  0.000E+00  0.000E+00
  314.5000  0.000E+00  0.000E+00  0.000E+00  0.000E+00  0.000E+00  0.000E+00  0.000E+00  0.000E+00  1.239E+09  1.757E+11  1.088E+12  2.645E+12  3.696E+12  3.444E+12  2.078E+12  6.422E+11  6.134E+10  2.937E+07  0.000E+00  0.000E+00  0.000E+00  0.000E+00  0.000E+00  0.000E+00
  315.5000  0.000E+00  0.000E+00  0.000E+00  0.000E+00  0.000E+00  0.000E+00  0.000E+00  0.000E+00  1.343E+09  1.920E+11  1.195E+12  2.877E+12  4.004E+12  3.734E+12  2.267E+12  7.070E+11  6.656E+10  3.151E+07  0.000E+00  0.000E+00  0.000E+00  0.000E+00  0.000E+00  0.000E+00
  316.5000  0.000E+00  0.000E+00  0.000E+00  0.000E+00  0.000E+00  0.000E+00  0.000E+00  0.000E+00  1.642E+09  2.552E+11  1.597E+12  3.628E+12  4.925E+12  4.617E+12  2.909E+12  9.653E+11  8.373E+10  3.579E+07  0.000E+00  0.000E+00  0.000E+00  0.000E+00  0.000E+00  0.000E+00
  317.5000  0.000E+00  0.000E+00  0.000E+00  0.000E+00  0.000E+00  0.000E+00  0.000E+00  0.000E+00  2.341E+09  3.620E+11  2.267E+12  5.157E+12  7.006E+12  6.567E+12  4.133E+12  1.369E+12  1.190E+11  5.129E+07  0.000E+00  0.000E+00  0.000E+00  0.000E+00  0.000E+00  0.000E+00
  318.5000  0.000E+00  0.000E+00  0.000E+00  0.000E+00  0.000E+00  0.000E+00  0.000E+00  0.000E+00  2.323E+09  3.941E+11  2.372E+12  5.060E+12  6.706E+12  6.319E+12  4.129E+12  1.477E+12  1.230E+11  4.645E+07  0.000E+00  0.000E+00  0.000E+00  0.000E+00  0.000E+00  0.000E+00
  319.5000  0.000E+00  0.000E+00  0.000E+00  0.000E+00  0.000E+00  0.000E+00  0.000E+00  0.000E+00  3.008E+09  5.166E+11  3.067E+12  6.465E+12  8.531E+12  8.046E+12  5.292E+12  1.923E+12  1.602E+11  5.905E+07  0.000E+00  0.000E+00  0.000E+00  0.000E+00  0.000E+00  0.000E+00
  320.5000  0.000E+00  0.000E+00  0.000E+00  0.000E+00  0.000E+00  0.000E+00  0.000E+00  0.000E+00  3.902E+09  6.860E+11  4.003E+12  8.313E+12  1.091E+13  1.030E+13  6.832E+12  2.532E+12  2.104E+11  7.506E+07  0.000E+00  0.000E+00  0.000E+00  0.000E+00  0.000E+00  0.000E+00
  321.5000  0.000E+00  0.000E+00  0.000E+00  0.000E+00  0.000E+00  0.000E+00  0.000E+00  0.000E+00  4.539E+09  8.610E+11  4.478E+12  8.673E+12  1.111E+13  1.054E+13  7.260E+12  2.954E+12  2.591E+11  7.631E+07  0.000E+00  0.000E+00  0.000E+00  0.000E+00  0.000E+00  0.000E+00
  322.5000  0.000E+00  0.000E+00  0.000E+00  0.000E+00  0.000E+00  0.000E+00  0.000E+00  0.000E+00  3.575E+09  6.386E+11  3.665E+12  7.515E+12  9.820E+12  9.280E+12  6.196E+12  2.336E+12  1.944E+11  6.776E+07  0.000E+00  0.000E+00  0.000E+00  0.000E+00  0.000E+00  0.000E+00
  323.5000  0.000E+00  0.000E+00  0.000E+00  0.000E+00  0.000E+00  0.000E+00  0.000E+00  0.000E+00  5.583E+09  1.088E+12  5.296E+12  9.945E+12  1.261E+13  1.199E+13  8.390E+12  3.566E+12  3.284E+11  8.828E+07  0.000E+00  0.000E+00  0.000E+00  0.000E+00  0.000E+00  0.000E+00
  324.5000  0.000E+00  0.000E+00  0.000E+00  0.000E+00  0.000E+00  0.000E+00  0.000E+00  0.000E+00  6.485E+09  1.254E+12  6.160E+12  1.162E+13  1.476E+13  1.403E+13  9.793E+12  4.136E+12  3.786E+11  1.038E+08  0.000E+00  0.000E+00  0.000E+00  0.000E+00  0.000E+00  0.000E+00
  325.5000  0.000E+00  0.000E+00  0.000E+00  0.000E+00  0.000E+00  0.000E+00  0.000E+00  0.000E+00  6.808E+09  1.312E+12  6.635E+12  1.269E+13  1.619E+13  1.537E+13  1.065E+13  4.418E+12  3.940E+11  1.131E+08  0.000E+00  0.000E+00  0.000E+00  0.000E+00  0.000E+00  0.000E+00
  326.5000  0.000E+00  0.000E+00  0.000E+00  0.000E+00  0.000E+00  0.000E+00  0.000E+00  0.000E+00  1.197E+10  2.339E+12  1.016E+13  1.823E+13  2.278E+13  2.172E+13  1.556E+13  7.058E+12  7.291E+11  1.700E+08  0.000E+00  0.000E+00  0.000E+00  0.000E+00  0.000E+00  0.000E+00
  327.5000  0.000E+00  0.000E+00  0.000E+00  0.000E+00  0.000E+00  0.000E+00  0.000E+00  0.000E+00  9.824E+09  1.921E+12  8.814E+12  1.618E+13  2.036E+13  1.939E+13  1.372E+13  6.034E+12  5.881E+11  1.484E+08  0.000E+00  0.000E+00  0.000E+00  0.000E+00  0.000E+00  0.000E+00
  328.5000  0.000E+00  0.000E+00  0.000E+00  0.000E+00  0.000E+00  0.000E+00  0.000E+00  0.000E+00  9.044E+09  1.784E+12  8.198E+12  1.505E+13  1.895E+13  1.805E+13  1.277E+13  5.612E+12  5.444E+11  1.378E+08  0.000E+00  0.000E+00  0.000E+00  0.000E+00  0.000E+00  0.000E+00
  329.5000  0.000E+00  0.000E+00  0.000E+00  0.000E+00  0.000E+00  0.000E+00  0.000E+00  0.000E+00  1.640E+10  3.151E+12  1.269E+13  2.220E+13  2.751E+13  2.628E+13  1.906E+13  8.985E+12  1.014E+12  2.186E+08  0.000E+00  0.000E+00  0.000E+00  0.000E+00  0.000E+00  0.000E+00
  330.5000  0.000E+00  0.000E+00  0.000E+00  0.000E+00  0.000E+00  0.000E+00  0.000E+00  0.000E+00  1.290E+10  2.524E+12  1.078E+13  1.928E+13  2.407E+13  2.297E+13  1.646E+13  7.523E+12  7.907E+11  1.837E+08  0.000E+00  0.000E+00  0.000E+00  0.000E+00  0.000E+00  0.000E+00
  331.5000  0.000E+00  0.000E+00  0.000E+00  0.000E+00  0.000E+00  0.000E+00  0.000E+00  0.000E+00  1.236E+10  2.438E+12  1.055E+13  1.897E+13  2.373E+13  2.263E+13  1.617E+13  7.338E+12  7.584E+11  1.795E+08  0.000E+00  0.000E+00  0.000E+00  0.000E+00  0.000E+00  0.000E+00
  332.5000  0.000E+00  0.000E+00  0.000E+00  0.000E+00  0.000E+00  0.000E+00  0.000E+00  0.000E+00  1.589E+10  3.028E+12  1.184E+13  2.054E+13  2.540E+13  2.428E+13  1.766E+13  8.441E+12  9.890E+11  2.087E+08  0.000E+00  0.000E+00  0.000E+00  0.000E+00  0.000E+00  0.000E+00
  333.5000  0.000E+00  0.000E+00  0.000E+00  0.000E+00  0.000E+00  0.000E+00  0.000E+00  0.000E+00  1.327E+10  2.586E+12  1.059E+13  1.868E+13  2.324E+13  2.218E+13  1.600E+13  7.466E+12  8.238E+11  1.838E+08  0.000E+00  0.000E+00  0.000E+00  0.000E+00  0.000E+00  0.000E+00
  334.5000  0.000E+00  0.000E+00  0.000E+00  0.000E+00  0.000E+00  0.000E+00  0.000E+00  0.000E+00  1.574E+10  3.053E+12  1.223E+13  2.142E+13  2.658E+13  2.539E+13  1.837E+13  8.666E+12  9.828E+11  2.141E+08  0.000E+00  0.000E+00  0.000E+00  0.000E+00  0.000E+00  0.000E+00
  335.5000  0.000E+00  0.000E+00  0.000E+00  0.000E+00  0.000E+00  0.000E+00  0.000E+00  0.000E+00  1.841E+10  3.478E+12  1.323E+13  2.279E+13  2.813E+13  2.690E+13  1.963E+13  9.491E+12  1.152E+12  2.387E+08  0.000E+00  0.000E+00  0.000E+00  0.000E+00  0.000E+00  0.000E+00
  336.5000  0.000E+00  0.000E+00  0.000E+00  0.000E+00  0.000E+00  0.000E+00  0.000E+00  0.000E+00  1.380E+10  2.641E+12  1.021E+13  1.770E+13  2.190E+13  2.093E+13  1.522E+13  7.298E+12  8.662E+11  1.829E+08  0.000E+00  0.000E+00  0.000E+00  0.000E+00  0.000E+00  0.000E+00
  337.5000  0.000E+00  0.000E+00  0.000E+00  0.000E+00  0.000E+00  0.000E+00  0.000E+00  0.000E+00  1.375E+10  2.689E+12  1.080E+13  1.898E+13  2.358E+13  2.252E+13  1.626E+13  7.647E+12  8.630E+11  1.905E+08  0.000E+00  0.000E+00  0.000E+00  0.000E+00  0.000E+00  0.000E+00
  338.5000  0.000E+00  0.000E+00  0.000E+00  0.000E+00  0.000E+00  0.000E+00  0.000E+00  0.000E+00  1.686E+10  3.211E+12  1.220E+13  2.107E+13  2.604E+13  2.489E+13  1.813E+13  8.756E+12  1.063E+12  2.218E+08  0.000E+00  0.000E+00  0.000E+00  0.000E+00  0.000E+00  0.000E+00
  339.5000  0.000E+00  0.000E+00  0.000E+00  0.000E+00  0.000E+00  0.000E+00  0.000E+00  0.000E+00  1.872E+10  3.564E+12  1.345E+13  2.318E+13  2.864E+13  2.738E+13  1.996E+13  9.664E+12  1.184E+12  2.458E+08  0.000E+00  0.000E+00  0.000E+00  0.000E+00  0.000E+00  0.000E+00
  340.5000  0.000E+00  0.000E+00  0.000E+00  0.000E+00  0.000E+00  0.000E+00  0.000E+00  0.000E+00  1.894E+10  3.661E+12  1.412E+13  2.454E+13  3.040E+13  2.904E+13  2.108E+13  1.009E+13  1.200E+12  2.555E+08  0.000E+00  0.000E+00  0.000E+00  0.000E+00  0.000E+00  0.000E+00
  341.5000  0.000E+00  0.000E+00  0.000E+00  0.000E+00  0.000E+00  0.000E+00  0.000E+00  0.000E+00  1.826E+10  3.475E+12  1.302E+13  2.243E+13  2.771E+13  2.650E+13  1.931E+13  9.369E+12  1.159E+12  2.403E+08  0.000E+00  0.000E+00  0.000E+00  0.000E+00  0.000E+00  0.000E+00
  342.5000  0.000E+00  0.000E+00  0.000E+00  0.000E+00  0.000E+00  0.000E+00  0.000E+00  0.000E+00  2.055E+10  3.911E+12  1.458E+13  2.511E+13  3.102E+13  2.965E+13  2.162E+13  1.050E+13  1.307E+12  2.705E+08  0.000E+00  0.000E+00  0.000E+00  0.000E+00  0.000E+00  0.000E+00
  343.5000  0.000E+00  0.000E+00  0.000E+00  0.000E+00  0.000E+00  0.000E+00  0.000E+00  0.000E+00  2.076E+10  3.994E+12  1.505E+13  2.604E+13  3.222E+13  3.079E+13  2.239E+13  1.082E+13  1.325E+12  2.778E+08  0.000E+00  0.000E+00  0.000E+00  0.000E+00  0.000E+00  0.000E+00
  344.5000  0.000E+00  0.000E+00  0.000E+00  0.000E+00  0.000E+00  0.000E+00  0.000E+00  0.000E+00  1.412E+10  2.745E+12  1.047E+13  1.821E+13  2.257E+13  2.156E+13  1.564E+13  7.504E+12  9.037E+11  1.922E+08  0.000E+00  0.000E+00  0.000E+00  0.000E+00  0.000E+00  0.000E+00
  345.5000  0.000E+00  0.000E+00  0.000E+00  0.000E+00  0.000E+00  0.000E+00  0.000E+00  0.000E+00  2.102E+10  4.016E+12  1.489E+13  2.566E+13  3.172E+13  3.032E+13  2.208E+13  1.073E+13  1.347E+12  2.790E+08  0.000E+00  0.000E+00  0.000E+00  0.000E+00  0.000E+00  0.000E+00
  346.5000  0.000E+00  0.000E+00  0.000E+00  0.000E+00  0.000E+00  0.000E+00  0.000E+00  0.000E+00  1.872E+10  3.636E+12  1.373E+13  2.384E+13  2.954E+13  2.822E+13  2.048E+13  9.858E+12  1.203E+12  2.547E+08  0.000E+00  0.000E+00  0.000E+00  0.000E+00  0.000E+00  0.000E+00
  347.5000  0.000E+00  0.000E+00  0.000E+00  0.000E+00  0.000E+00  0.000E+00  0.000E+00  0.000E+00  1.841E+10  3.584E+12  1.352E+13  2.348E+13  2.910E+13  2.780E+13  2.016E+13  9.705E+12  1.187E+12  2.514E+08  0.000E+00  0.000E+00  0.000E+00  0.000E+00  0.000E+00  0.000E+00
  348.5000  0.000E+00  0.000E+00  0.000E+00  0.000E+00  0.000E+00  0.000E+00  0.000E+00  0.000E+00  2.062E+10  4.010E+12  1.504E+13  2.609E+13  3.233E+13  3.089E+13  2.241E+13  1.081E+13  1.332E+12  2.813E+08  0.000E+00  0.000E+00  0.000E+00  0.000E+00  0.000E+00  0.000E+00
  349.5000  0.000E+00  0.000E+00  0.000E+00  0.000E+00  0.000E+00  0.000E+00  0.000E+00  0.000E+00  1.724E+10  3.369E+12  1.265E+13  2.199E+13  2.726E+13  2.605E+13  1.888E+13  9.091E+12  1.117E+12  2.368E+08  0.000E+00  0.000E+00  0.000E+00  0.000E+00  0.000E+00  0.000E+00
  350.5000  0.000E+00  0.000E+00  0.000E+00  0.000E+00  0.000E+00  0.000E+00  0.000E+00  0.000E+00  2.425E+10  4.753E+12  1.784E+13  3.102E+13  3.847E+13  3.675E+13  2.663E+13  1.281E+13  1.577E+12  3.344E+08  0.000E+00  0.000E+00  0.000E+00  0.000E+00  0.000E+00  0.000E+00
  351.5000  0.000E+00  0.000E+00  0.000E+00  0.000E+00  0.000E+00  0.000E+00  0.000E+00  0.000E+00  2.077E+10  4.093E+12  1.541E+13  2.686E+13  3.333E+13  3.184E+13  2.304E+13  1.106E+13  1.354E+12  2.888E+08  0.000E+00  0.000E+00  0.000E+00  0.000E+00  0.000E+00  0.000E+00
  352.5000  0.000E+00  0.000E+00  0.000E+00  0.000E+00  0.000E+00  0.000E+00  0.000E+00  0.000E+00  1.886E+10  3.724E+12  1.400E+13  2.442E+13  3.031E+13  2.895E+13  2.095E+13  1.005E+13  1.233E+12  2.631E+08  0.000E+00  0.000E+00  0.000E+00  0.000E+00  0.000E+00  0.000E+00
  353.5000  0.000E+00  0.000E+00  0.000E+00  0.000E+00  0.000E+00  0.000E+00  0.000E+00  0.000E+00  2.292E+10  4.534E+12  1.700E+13  2.966E+13  3.681E+13  3.516E+13  2.544E+13  1.221E+13  1.503E+12  3.204E+08  0.000E+00  0.000E+00  0.000E+00  0.000E+00  0.000E+00  0.000E+00
  354.5000  0.000E+00  0.000E+00  0.000E+00  0.000E+00  0.000E+00  0.000E+00  0.000E+00  0.000E+00  2.502E+10  4.957E+12  1.855E+13  3.237E+13  4.018E+13  3.838E+13  2.776E+13  1.332E+13  1.645E+12  3.506E+08  0.000E+00  0.000E+00  0.000E+00  0.000E+00  0.000E+00  0.000E+00
  355.5000  0.000E+00  0.000E+00  0.000E+00  0.000E+00  0.000E+00  0.000E+00  0.000E+00  0.000E+00  2.340E+10  4.656E+12  1.743E+13  3.045E+13  3.782E+13  3.612E+13  2.611E+13  1.252E+13  1.544E+12  3.297E+08  0.000E+00  0.000E+00  0.000E+00  0.000E+00  0.000E+00  0.000E+00
  356.5000  0.000E+00  0.000E+00  0.000E+00  0.000E+00  0.000E+00  0.000E+00  0.000E+00  0.000E+00  2.172E+10  4.338E+12  1.626E+13  2.844E+13  3.534E+13  3.375E+13  2.437E+13  1.167E+13  1.437E+12  3.077E+08  0.000E+00  0.000E+00  0.000E+00  0.000E+00  0.000E+00  0.000E+00
  357.5000  0.000E+00  0.000E+00  0.000E+00  0.000E+00  0.000E+00  0.000E+00  0.000E+00  0.000E+00  1.845E+10  3.700E+12  1.389E+13  2.433E+13  3.025E+13  2.888E+13  2.084E+13  9.960E+12  1.224E+12  2.630E+08  0.000E+00  0.000E+00  0.000E+00  0.000E+00  0.000E+00  0.000E+00
  358.5000  0.000E+00  0.000E+00  0.000E+00  0.000E+00  0.000E+00  0.000E+00  0.000E+00  0.000E+00  1.430E+10  2.876E+12  1.079E+13  1.892E+13  2.352E+13  2.246E+13  1.620E+13  7.736E+12  9.518E+11  2.046E+08  0.000E+00  0.000E+00  0.000E+00  0.000E+00  0.000E+00  0.000E+00
  359.5000  0.000E+00  0.000E+00  0.000E+00  0.000E+00  0.000E+00  0.000E+00  0.000E+00  0.000E+00  2.406E+10  4.862E+12  1.825E+13  3.205E+13  3.986E+13  3.806E+13  2.744E+13  1.308E+13  1.607E+12  3.462E+08  0.000E+00  0.000E+00  0.000E+00  0.000E+00  0.000E+00  0.000E+00
  360.5000  0.000E+00  0.000E+00  0.000E+00  0.000E+00  0.000E+00  0.000E+00  0.000E+00  0.000E+00  2.233E+10  4.527E+12  1.701E+13  2.991E+13  3.721E+13  3.553E+13  2.559E+13  1.219E+13  1.496E+12  3.231E+08  0.000E+00  0.000E+00  0.000E+00  0.000E+00  0.000E+00  0.000E+00
  361.5000  0.000E+00  0.000E+00  0.000E+00  0.000E+00  0.000E+00  0.000E+00  0.000E+00  0.000E+00  2.020E+10  4.108E+12  1.543E+13  2.716E+13  3.380E+13  3.227E+13  2.324E+13  1.105E+13  1.357E+12  2.935E+08  0.000E+00  0.000E+00  0.000E+00  0.000E+00  0.000E+00  0.000E+00
  362.5000  0.000E+00  0.000E+00  0.000E+00  0.000E+00  0.000E+00  0.000E+00  0.000E+00  0.000E+00  2.376E+10  4.850E+12  1.822E+13  3.212E+13  3.999E+13  3.818E+13  2.747E+13  1.305E+13  1.601E+12  3.471E+08  0.000E+00  0.000E+00  0.000E+00  0.000E+00  0.000E+00  0.000E+00
  363.5000  0.000E+00  0.000E+00  0.000E+00  0.000E+00  0.000E+00  0.000E+00  0.000E+00  0.000E+00  2.115E+10  4.336E+12  1.630E+13  2.877E+13  3.583E+13  3.420E+13  2.459E+13  1.167E+13  1.430E+12  3.106E+08  0.000E+00  0.000E+00  0.000E+00  0.000E+00  0.000E+00  0.000E+00
  364.5000  0.000E+00  0.000E+00  0.000E+00  0.000E+00  0.000E+00  0.000E+00  0.000E+00  0.000E+00  2.308E+10  4.748E+12  1.787E+13  3.159E+13  3.935E+13  3.757E+13  2.700E+13  1.278E+13  1.565E+12  3.408E+08  0.000E+00  0.000E+00  0.000E+00  0.000E+00  0.000E+00  0.000E+00
  365.5000  0.000E+00  0.000E+00  0.000E+00  0.000E+00  0.000E+00  0.000E+00  0.000E+00  0.000E+00  2.804E+10  5.805E+12  2.188E+13  3.874E+13  4.827E+13  4.608E+13  3.309E+13  1.564E+13  1.910E+12  4.169E+08  0.000E+00  0.000E+00  0.000E+00  0.000E+00  0.000E+00  0.000E+00
  366.5000  0.000E+00  0.000E+00  0.000E+00  0.000E+00  0.000E+00  0.000E+00  0.000E+00  0.000E+00  2.978E+10  6.176E+12  2.329E+13  4.129E+13  5.146E+13  4.913E+13  3.526E+13  1.664E+13  2.032E+12  4.445E+08  0.000E+00  0.000E+00  0.000E+00  0.000E+00  0.000E+00  0.000E+00
  367.5000  0.000E+00  0.000E+00  0.000E+00  0.000E+00  0.000E+00  0.000E+00  0.000E+00  0.000E+00  2.833E+10  5.895E+12  2.225E+13  3.948E+13  4.922E+13  4.698E+13  3.370E+13  1.589E+13  1.938E+12  4.248E+08  0.000E+00  0.000E+00  0.000E+00  0.000E+00  0.000E+00  0.000E+00
  368.5000  0.000E+00  0.000E+00  0.000E+00  0.000E+00  0.000E+00  0.000E+00  0.000E+00  0.000E+00  2.484E+10  5.201E+12  1.965E+13  3.492E+13  4.355E+13  4.156E+13  2.980E+13  1.402E+13  1.709E+12  3.750E+08  0.000E+00  0.000E+00  0.000E+00  0.000E+00  0.000E+00  0.000E+00
  369.5000  0.000E+00  0.000E+00  0.000E+00  0.000E+00  0.000E+00  0.000E+00  0.000E+00  0.000E+00  2.983E+10  6.266E+12  2.369E+13  4.217E+13  5.260E+13  5.021E+13  3.597E+13  1.690E+13  2.057E+12  4.525E+08  0.000E+00  0.000E+00  0.000E+00  0.000E+00  0.000E+00  0.000E+00
  370.5000  0.000E+00  0.000E+00  0.000E+00  0.000E+00  0.000E+00  0.000E+00  0.000E+00  0.000E+00  2.707E+10  5.709E+12  2.161E+13  3.852E+13  4.806E+13  4.587E+13  3.285E+13  1.540E+13  1.872E+12  4.127E+08  0.000E+00  0.000E+00  0.000E+00  0.000E+00  0.000E+00  0.000E+00
  371.5000  0.000E+00  0.000E+00  0.000E+00  0.000E+00  0.000E+00  0.000E+00  0.000E+00  0.000E+00  3.104E+10  6.563E+12  2.486E+13  4.438E+13  5.539E+13  5.286E+13  3.783E+13  1.771E+13  2.151E+12  4.754E+08  0.000E+00  0.000E+00  0.000E+00  0.000E+00  0.000E+00  0.000E+00
  372.5000  0.000E+00  0.000E+00  0.000E+00  0.000E+00  0.000E+00  0.000E+00  0.000E+00  0.000E+00  2.291E+10  4.870E+12  1.847E+13  3.301E+13  4.121E+13  3.933E+13  2.813E+13  1.315E+13  1.595E+12  3.529E+08  0.000E+00  0.000E+00  0.000E+00  0.000E+00  0.000E+00  0.000E+00
  373.5000  0.000E+00  0.000E+00  0.000E+00  0.000E+00  0.000E+00  0.000E+00  0.000E+00  0.000E+00  2.065E+10  4.420E+12  1.678E+13  3.004E+13  3.751E+13  3.579E+13  2.559E+13  1.194E+13  1.446E+12  3.204E+08  0.000E+00  0.000E+00  0.000E+00  0.000E+00  0.000E+00  0.000E+00
  374.5000  0.000E+00  0.000E+00  0.000E+00  0.000E+00  0.000E+00  0.000E+00  0.000E+00  0.000E+00  2.269E+10  4.871E+12  1.852E+13  3.319E+13  4.146E+13  3.956E+13  2.827E+13  1.316E+13  1.592E+12  3.536E+08  0.000E+00  0.000E+00  0.000E+00  0.000E+00  0.000E+00  0.000E+00
  375.5000  0.000E+00  0.000E+00  0.000E+00  0.000E+00  0.000E+00  0.000E+00  0.000E+00  0.000E+00  2.560E+10  5.520E+12  2.101E+13  3.771E+13  4.711E+13  4.496E+13  3.211E+13  1.492E+13  1.803E+12  4.011E+08  0.000E+00  0.000E+00  0.000E+00  0.000E+00  0.000E+00  0.000E+00
  376.5000  0.000E+00  0.000E+00  0.000E+00  0.000E+00  0.000E+00  0.000E+00  0.000E+00  0.000E+00  2.562E+10  5.537E+12  2.110E+13  3.792E+13  4.738E+13  4.521E+13  3.227E+13  1.498E+13  1.808E+12  4.032E+08  0.000E+00  0.000E+00  0.000E+00  0.000E+00  0.000E+00  0.000E+00
  377.5000  0.000E+00  0.000E+00  0.000E+00  0.000E+00  0.000E+00  0.000E+00  0.000E+00  0.000E+00  3.049E+10  6.622E+12  2.526E+13  4.546E+13  5.682E+13  5.422E+13  3.869E+13  1.792E+13  2.160E+12  4.826E+08  0.000E+00  0.000E+00  0.000E+00  0.000E+00  0.000E+00  0.000E+00
  378.5000  0.000E+00  0.000E+00  0.000E+00  0.000E+00  0.000E+00  0.000E+00  0.000E+00  0.000E+00  3.326E+10  7.248E+12  2.768E+13  4.989E+13  6.237E+13  5.952E+13  4.244E+13  1.962E+13  2.362E+12  5.290E+08  0.000E+00  0.000E+00  0.000E+00  0.000E+00  0.000E+00  0.000E+00
  379.5000  0.000E+00  0.000E+00  0.000E+00  0.000E+00  0.000E+00  0.000E+00  0.000E+00  0.000E+00  2.462E+10  5.385E+12  2.059E+13  3.717E+13  4.647E+13  4.434E+13  3.161E+13  1.459E+13  1.753E+12  3.936E+08  0.000E+00  0.000E+00  0.000E+00  0.000E+00  0.000E+00  0.000E+00
  380.5000  0.000E+00  0.000E+00  0.000E+00  0.000E+00  0.000E+00  0.000E+00  0.000E+00  0.000E+00  2.958E+10  6.504E+12  2.490E+13  4.501E+13  5.629E+13  5.371E+13  3.827E+13  1.763E+13  2.117E+12  4.758E+08  0.000E+00  0.000E+00  0.000E+00  0.000E+00  0.000E+00  0.000E+00
  381.5000  0.000E+00  0.000E+00  0.000E+00  0.000E+00  0.000E+00  0.000E+00  0.000E+00  0.000E+00  2.768E+10  6.138E+12  2.353E+13  4.259E+13  5.327E+13  5.083E+13  3.620E+13  1.664E+13  1.995E+12  4.487E+08  0.000E+00  0.000E+00  0.000E+00  0.000E+00  0.000E+00  0.000E+00
  382.5000  0.000E+00  0.000E+00  0.000E+00  0.000E+00  0.000E+00  0.000E+00  0.000E+00  0.000E+00  1.853E+10  4.108E+12  1.577E+13  2.858E+13  3.575E+13  3.411E+13  2.429E+13  1.114E+13  1.335E+12  3.011E+08  0.000E+00  0.000E+00  0.000E+00  0.000E+00  0.000E+00  0.000E+00
  383.5000  0.000E+00  0.000E+00  0.000E+00  0.000E+00  0.000E+00  0.000E+00  0.000E+00  0.000E+00  1.622E+10  3.622E+12  1.392E+13  2.527E+13  3.162E+13  3.017E+13  2.147E+13  9.833E+12  1.176E+12  2.655E+08  0.000E+00  0.000E+00  0.000E+00  0.000E+00  0.000E+00  0.000E+00
  384.5000  0.000E+00  0.000E+00  0.000E+00  0.000E+00  0.000E+00  0.000E+00  0.000E+00  0.000E+00  2.442E+10  5.459E+12  2.102E+13  3.819E+13  4.779E+13  4.559E+13  3.243E+13  1.483E+13  1.771E+12  4.010E+08  0.000E+00  0.000E+00  0.000E+00  0.000E+00  0.000E+00  0.000E+00
  385.5000  0.000E+00  0.000E+00  0.000E+00  0.000E+00  0.000E+00  0.000E+00  0.000E+00  0.000E+00  2.406E+10  5.424E+12  2.091E+13  3.805E+13  4.762E+13  4.543E+13  3.231E+13  1.474E+13  1.758E+12  3.982E+08  0.000E+00  0.000E+00  0.000E+00  0.000E+00  0.000E+00  0.000E+00
  386.5000  0.000E+00  0.000E+00  0.000E+00  0.000E+00  0.000E+00  0.000E+00  0.000E+00  0.000E+00  2.469E+10  5.553E+12  2.144E+13  3.906E+13  4.888E+13  4.664E+13  3.316E+13  1.510E+13  1.799E+12  4.091E+08  0.000E+00  0.000E+00  0.000E+00  0.000E+00  0.000E+00  0.000E+00
  387.5000  0.000E+00  0.000E+00  0.000E+00  0.000E+00  0.000E+00  0.000E+00  0.000E+00  0.000E+00  2.281E+10  5.183E+12  2.004E+13  3.655E+13  4.575E+13  4.365E+13  3.102E+13  1.410E+13  1.678E+12  3.813E+08  0.000E+00  0.000E+00  0.000E+00  0.000E+00  0.000E+00  0.000E+00
  388.5000  0.000E+00  0.000E+00  0.000E+00  0.000E+00  0.000E+00  0.000E+00  0.000E+00  0.000E+00  2.293E+10  5.216E+12  2.020E+13  3.689E+13  4.619E+13  4.407E+13  3.130E+13  1.420E+13  1.687E+12  3.845E+08  0.000E+00  0.000E+00  0.000E+00  0.000E+00  0.000E+00  0.000E+00
  389.5000  0.000E+00  0.000E+00  0.000E+00  0.000E+00  0.000E+00  0.000E+00  0.000E+00  0.000E+00  2.882E+10  6.605E+12  2.561E+13  4.685E+13  5.866E+13  5.597E+13  3.975E+13  1.799E+13  2.134E+12  4.866E+08  0.000E+00  0.000E+00  0.000E+00  0.000E+00  0.000E+00  0.000E+00
  390.5000  0.000E+00  0.000E+00  0.000E+00  0.000E+00  0.000E+00  0.000E+00  0.000E+00  0.000E+00  2.824E+10  6.516E+12  2.530E+13  4.634E+13  5.802E+13  5.536E+13  3.931E+13  1.776E+13  2.103E+12  4.801E+08  0.000E+00  0.000E+00  0.000E+00  0.000E+00  0.000E+00  0.000E+00
  391.5000  0.000E+00  0.000E+00  0.000E+00  0.000E+00  0.000E+00  0.000E+00  0.000E+00  0.000E+00  3.359E+10  7.763E+12  3.019E+13  5.537E+13  6.933E+13  6.615E+13  4.695E+13  2.117E+13  2.504E+12  5.729E+08  0.000E+00  0.000E+00  0.000E+00  0.000E+00  0.000E+00  0.000E+00
  392.5000  0.000E+00  0.000E+00  0.000E+00  0.000E+00  0.000E+00  0.000E+00  0.000E+00  0.000E+00  2.523E+10  5.846E+12  2.277E+13  4.181E+13  5.236E+13  4.996E+13  3.545E+13  1.596E+13  1.885E+12  4.322E+08  0.000E+00  0.000E+00  0.000E+00  0.000E+00  0.000E+00  0.000E+00
  393.5000  0.000E+00  0.000E+00  0.000E+00  0.000E+00  0.000E+00  0.000E+00  0.000E+00  0.000E+00  1.095E+10  2.552E+12  9.958E+12  1.831E+13  2.292E+13  2.187E+13  1.552E+13  6.971E+12  8.222E+11  1.887E+08  0.000E+00  0.000E+00  0.000E+00  0.000E+00  0.000E+00  0.000E+00
  394.5000  0.000E+00  0.000E+00  0.000E+00  0.000E+00  0.000E+00  0.000E+00  0.000E+00  0.000E+00  2.578E+10  6.030E+12  2.357E+13  4.338E+13  5.432E+13  5.184E+13  3.676E+13  1.648E+13  1.942E+12  4.465E+08  0.000E+00  0.000E+00  0.000E+00  0.000E+00  0.000E+00  0.000E+00
  395.5000  0.000E+00  0.000E+00  0.000E+00  0.000E+00  0.000E+00  0.000E+00  0.000E+00  0.000E+00  3.310E+10  7.791E+12  3.050E+13  5.621E+13  7.039E+13  6.717E+13  4.763E+13  2.131E+13  2.507E+12  5.771E+08  0.000E+00  0.000E+00  0.000E+00  0.000E+00  0.000E+00  0.000E+00
  396.5000  0.000E+00  0.000E+00  0.000E+00  0.000E+00  0.000E+00  0.000E+00  0.000E+00  0.000E+00  1.943E+10  4.594E+12  1.802E+13  3.324E+13  4.162E+13  3.972E+13  2.816E+13  1.258E+13  1.477E+12  3.405E+08  0.000E+00  0.000E+00  0.000E+00  0.000E+00  0.000E+00  0.000E+00
  397.5000  0.000E+00  0.000E+00  0.000E+00  0.000E+00  0.000E+00  0.000E+00  0.000E+00  0.000E+00  2.247E+10  5.324E+12  2.091E+13  3.863E+13  4.837E+13  4.616E+13  3.272E+13  1.458E+13  1.710E+12  3.951E+08  0.000E+00  0.000E+00  0.000E+00  0.000E+00  0.000E+00  0.000E+00
  398.5000  0.000E+00  0.000E+00  0.000E+00  0.000E+00  0.000E+00  0.000E+00  0.000E+00  0.000E+00  3.833E+10  9.188E+12  3.615E+13  6.685E+13  8.371E+13  7.988E+13  5.662E+13  2.519E+13  2.950E+12  6.814E+08  0.000E+00  0.000E+00  0.000E+00  0.000E+00  0.000E+00  0.000E+00
  399.5000  0.000E+00  0.000E+00  0.000E+00  0.000E+00  0.000E+00  0.000E+00  0.000E+00  0.000E+00  4.008E+10  9.596E+12  3.782E+13  7.002E+13  8.768E+13  8.368E+13  5.930E+13  2.633E+13  3.079E+12  7.128E+08  0.000E+00  0.000E+00  0.000E+00  0.000E+00  0.000E+00  0.000E+00
  400.5000  0.000E+00  0.000E+00  0.000E+00  0.000E+00  0.000E+00  0.000E+00  0.000E+00  0.000E+00  4.209E+10  1.013E+13  4.000E+13  7.413E+13  9.283E+13  8.859E+13  6.277E+13  2.781E+13  3.248E+12  7.528E+08  0.000E+00  0.000E+00  0.000E+00  0.000E+00  0.000E+00  0.000E+00
  401.5000  0.000E+00  0.000E+00  0.000E+00  0.000E+00  0.000E+00  0.000E+00  0.000E+00  0.000E+00  4.329E+10  1.047E+13  4.140E+13  7.681E+13  9.618E+13  9.179E+13  6.503E+13  2.876E+13  3.354E+12  7.784E+08  0.000E+00  0.000E+00  0.000E+00  0.000E+00  0.000E+00  0.000E+00
  402.5000  0.000E+00  0.000E+00  0.000E+00  0.000E+00  0.000E+00  0.000E+00  0.000E+00  0.000E+00  4.500E+10  1.091E+13  4.324E+13  8.031E+13  1.005E+14  9.596E+13  6.798E+13  3.000E+13  3.493E+12  8.122E+08  0.000E+00  0.000E+00  0.000E+00  0.000E+00  0.000E+00  0.000E+00
  403.5000  0.000E+00  0.000E+00  0.000E+00  0.000E+00  0.000E+00  0.000E+00  0.000E+00  0.000E+00  4.112E+10  1.003E+13  3.982E+13  7.403E+13  9.268E+13  8.846E+13  6.265E+13  2.760E+13  3.209E+12  7.471E+08  0.000E+00  0.000E+00  0.000E+00  0.000E+00  0.000E+00  0.000E+00
  404.5000  0.000E+00  0.000E+00  0.000E+00  0.000E+00  0.000E+00  0.000E+00  0.000E+00  0.000E+00  4.022E+10  9.877E+12  3.929E+13  7.312E+13  9.153E+13  8.737E+13  6.188E+13  2.721E+13  3.159E+12  7.356E+08  0.000E+00  0.000E+00  0.000E+00  0.000E+00  0.000E+00  0.000E+00
  405.5000  0.000E+00  0.000E+00  0.000E+00  0.000E+00  0.000E+00  0.000E+00  0.000E+00  0.000E+00  4.191E+10  1.030E+13  4.106E+13  7.649E+13  9.575E+13  9.140E+13  6.473E+13  2.841E+13  3.293E+12  7.681E+08  0.000E+00  0.000E+00  0.000E+00  0.000E+00  0.000E+00  0.000E+00
  406.5000  0.000E+00  0.000E+00  0.000E+00  0.000E+00  0.000E+00  0.000E+00  0.000E+00  0.000E+00  3.936E+10  9.745E+12  3.891E+13  7.256E+13  9.082E+13  8.669E+13  6.139E+13  2.689E+13  3.113E+12  7.269E+08  0.000E+00  0.000E+00  0.000E+00  0.000E+00  0.000E+00  0.000E+00
  407.5000  0.000E+00  0.000E+00  0.000E+00  0.000E+00  0.000E+00  0.000E+00  0.000E+00  0.000E+00  3.967E+10  9.863E+12  3.946E+13  7.366E+13  9.219E+13  8.800E+13  6.232E+13  2.724E+13  3.148E+12  7.359E+08  0.000E+00  0.000E+00  0.000E+00  0.000E+00  0.000E+00  0.000E+00
  408.5000  0.000E+00  0.000E+00  0.000E+00  0.000E+00  0.000E+00  0.000E+00  0.000E+00  0.000E+00  4.418E+10  1.103E+13  4.421E+13  8.261E+13  1.034E+14  9.869E+13  6.989E+13  3.049E+13  3.517E+12  8.234E+08  0.000E+00  0.000E+00  0.000E+00  0.000E+00  0.000E+00  0.000E+00
  409.5000  0.000E+00  0.000E+00  0.000E+00  0.000E+00  0.000E+00  0.000E+00  0.000E+00  0.000E+00  4.319E+10  1.085E+13  4.360E+13  8.155E+13  1.020E+14  9.742E+13  6.899E+13  3.004E+13  3.459E+12  8.109E+08  0.000E+00  0.000E+00  0.000E+00  0.000E+00  0.000E+00  0.000E+00
  410.5000  0.000E+00  0.000E+00  0.000E+00  0.000E+00  0.000E+00  0.000E+00  0.000E+00  0.000E+00  3.728E+10  9.450E+12  3.804E+13  7.122E+13  8.910E+13  8.507E+13  6.024E+13  2.618E+13  3.010E+12  7.057E+08  0.000E+00  0.000E+00  0.000E+00  0.000E+00  0.000E+00  0.000E+00
  411.5000  0.000E+00  0.000E+00  0.000E+00  0.000E+00  0.000E+00  0.000E+00  0.000E+00  0.000E+00  4.501E+10  1.141E+13  4.601E+13  8.621E+13  1.078E+14  1.030E+14  7.292E+13  3.164E+13  3.632E+12  8.532E+08  0.000E+00  0.000E+00  0.000E+00  0.000E+00  0.000E+00  0.000E+00
  412.5000  0.000E+00  0.000E+00  0.000E+00  0.000E+00  0.000E+00  0.000E+00  0.000E+00  0.000E+00  4.458E+10  1.135E+13  4.589E+13  8.605E+13  1.076E+14  1.028E+14  7.278E+13  3.152E+13  3.614E+12  8.498E+08  0.000E+00  0.000E+00  0.000E+00  0.000E+00  0.000E+00  0.000E+00
  413.5000  0.000E+00  0.000E+00  0.000E+00  0.000E+00  0.000E+00  0.000E+00  0.000E+00  0.000E+00  4.334E+10  1.106E+13  4.479E+13  8.405E+13  1.051E+14  1.004E+14  7.108E+13  3.073E+13  3.518E+12  8.284E+08  0.000E+00  0.000E+00  0.000E+00  0.000E+00  0.000E+00  0.000E+00
  414.5000  0.000E+00  0.000E+00  0.000E+00  0.000E+00  0.000E+00  0.000E+00  0.000E+00  0.000E+00  4.426E+10  1.141E+13  4.631E+13  8.699E+13  1.088E+14  1.039E+14  7.357E+13  3.175E+13  3.628E+12  8.545E+08  0.000E+00  0.000E+00  0.000E+00  0.000E+00  0.000E+00  0.000E+00
  415.5000  0.000E+00  0.000E+00  0.000E+00  0.000E+00  0.000E+00  0.000E+00  0.000E+00  0.000E+00  4.246E+10  1.096E+13  4.457E+13  8.378E+13  1.047E+14  1.000E+14  7.085E+13  3.052E+13  3.482E+12  8.215E+08  0.000E+00  0.000E+00  0.000E+00  0.000E+00  0.000E+00  0.000E+00
  416.5000  0.000E+00  0.000E+00  0.000E+00  0.000E+00  0.000E+00  0.000E+00  0.000E+00  0.000E+00  4.615E+10  1.197E+13  4.880E+13  9.181E+13  1.148E+14  1.096E+14  7.764E+13  3.338E+13  3.802E+12  8.980E+08  0.000E+00  0.000E+00  0.000E+00  0.000E+00  0.000E+00  0.000E+00
  417.5000  0.000E+00  0.000E+00  0.000E+00  0.000E+00  0.000E+00  0.000E+00  0.000E+00  0.000E+00  4.201E+10  1.099E+13  4.489E+13  8.451E+13  1.056E+14  1.009E+14  7.147E+13  3.067E+13  3.487E+12  8.239E+08  0.000E+00  0.000E+00  0.000E+00  0.000E+00  0.000E+00  0.000E+00
  418.5000  0.000E+00  0.000E+00  0.000E+00  0.000E+00  0.000E+00  0.000E+00  0.000E+00  0.000E+00  4.257E+10  1.112E+13  4.553E+13  8.577E+13  1.072E+14  1.024E+14  7.253E+13  3.107E+13  3.527E+12  8.350E+08  0.000E+00  0.000E+00  0.000E+00  0.000E+00  0.000E+00  0.000E+00
  419.5000  0.000E+00  0.000E+00  0.000E+00  0.000E+00  0.000E+00  0.000E+00  0.000E+00  0.000E+00  4.377E+10  1.154E+13  4.733E+13  8.922E+13  1.115E+14  1.065E+14  7.545E+13  3.227E+13  3.657E+12  8.657E+08  0.000E+00  0.000E+00  0.000E+00  0.000E+00  0.000E+00  0.000E+00
------------------------------------------------------------
Photolysis rate coefficients, s-1
   1 = O3 -> O2 + O(1D)                                  
   2 = NO2 -> NO + O(3P)                                 
   3 = HNO2 -> OH + NO                                   
   4 = HNO3 -> OH + NO2                                  
   5 = ClNO2 -> Cl + NO2                                 
values at z =      0.263 km
Columns: time, sza, photo-reactions
time, hrs.  sza, deg.          1          2          3          4          5
    0.0000    146.488  0.000E+00  0.000E+00  0.000E+00  0.000E+00  0.000E+00
    1.0000    145.803  0.000E+00  0.000E+00  0.000E+00  0.000E+00  0.000E+00
    2.0000    141.779  0.000E+00  0.000E+00  0.000E+00  0.000E+00  0.000E+00
    3.0000    135.410  0.000E+00  0.000E+00  0.000E+00  0.000E+00  0.000E+00
    4.0000    127.710  0.000E+00  0.000E+00  0.000E+00  0.000E+00  0.000E+00
    5.0000    119.407  0.000E+00  0.000E+00  0.000E+00  0.000E+00  0.000E+00
    6.0000    111.002  0.000E+00  0.000E+00  0.000E+00  0.000E+00  0.000E+00
    7.0000    102.878  0.000E+00  0.000E+00  0.000E+00  0.000E+00  0.000E+00
    8.0000     95.373  4.331E-10  9.840E-07  1.626E-07  1.635E-11  3.765E-08
    9.0000     88.826  6.208E-08  2.134E-04  3.329E-05  2.783E-09  7.404E-06
   10.0000     83.583  2.923E-07  8.265E-04  1.273E-04  1.342E-08  2.993E-05
   11.0000     79.982  6.398E-07  1.492E-03  2.258E-04  2.730E-08  5.406E-05
   12.0000     78.297  8.853E-07  1.864E-03  2.813E-04  3.610E-08  6.790E-05
   13.0000     78.671  8.253E-07  1.779E-03  2.686E-04  3.401E-08  6.470E-05
   14.0000     81.071  5.120E-07  1.270E-03  1.929E-04  2.243E-08  4.596E-05
   15.0000     85.300  1.894E-07  5.832E-04  9.066E-05  8.835E-09  2.100E-05
   16.0000     91.052  2.258E-08  6.939E-05  1.092E-05  9.163E-10  2.409E-06
   17.0000     97.983  1.031E-11  1.558E-08  2.394E-09  3.088E-13  5.585E-10
   18.0000    105.746  0.000E+00  0.000E+00  0.000E+00  0.000E+00  0.000E+00
   19.0000    114.006  0.000E+00  0.000E+00  0.000E+00  0.000E+00  0.000E+00
   20.0000    122.413  0.000E+00  0.000E+00  0.000E+00  0.000E+00  0.000E+00
   21.0000    130.552  0.000E+00  0.000E+00  0.000E+00  0.000E+00  0.000E+00
   22.0000    137.852  0.000E+00  0.000E+00  0.000E+00  0.000E+00  0.000E+00
   23.0000    143.476  0.000E+00  0.000E+00  0.000E+00  0.000E+00  0.000E+00
------------------------------------------------------------
