Spectral actinic flux, quanta cm-2 s-1 nm-1
values at z =      0.263 km
Columns: wavelength (nm), times (hrs.) or sza (deg.)
    wc, nm      0.000      1.000      2.000      3.000      4.000      5.000      6.000      7.000      8.000      9.000     10.000     11.000     12.000     13.000     14.000     15.000     16.000     17.000     18.000     19.000     20.000     21.000     22.000     23.000
    sza =     146.844    146.074    141.965    135.535    127.801    119.486    111.087    102.982     95.508     89.001     83.807     80.259     78.626     79.045     81.481     85.735     91.502     98.441    106.208    114.470    122.878    131.016    138.308    143.908
  290.5000  0.000E+00  0.000E+00  0.000E+00  0.000E+00  0.000E+00  0.000E+00  0.000E+00  0.000E+00  1.623E+03  2.356E+05  5.072E+05  7.030E+05  8.023E+05  7.761E+05  6.331E+05  4.074E+05  9.974E+04  9.054E-01  0.000E+00  0.000E+00  0.000E+00  0.000E+00  0.000E+00  0.000E+00
  291.5000  0.000E+00  0.000E+00  0.000E+00  0.000E+00  0.000E+00  0.000E+00  0.000E+00  0.000E+00  6.017E+03  8.545E+05  1.857E+06  2.596E+06  2.975E+06  2.874E+06  2.330E+06  1.483E+06  3.626E+05  5.029E+00  0.000E+00  0.000E+00  0.000E+00  0.000E+00  0.000E+00  0.000E+00
  292.5000  0.000E+00  0.000E+00  0.000E+00  0.000E+00  0.000E+00  0.000E+00  0.000E+00  0.000E+00  1.677E+04  2.337E+06  5.129E+06  7.235E+06  8.330E+06  8.039E+06  6.474E+06  4.081E+06  9.932E+05  1.987E+01  0.000E+00  0.000E+00  0.000E+00  0.000E+00  0.000E+00  0.000E+00
  293.5000  0.000E+00  0.000E+00  0.000E+00  0.000E+00  0.000E+00  0.000E+00  0.000E+00  0.000E+00  5.671E+04  7.758E+06  1.724E+07  2.459E+07  2.847E+07  2.743E+07  2.191E+07  1.364E+07  3.297E+06  9.265E+01  0.000E+00  0.000E+00  0.000E+00  0.000E+00  0.000E+00  0.000E+00
  294.5000  0.000E+00  0.000E+00  0.000E+00  0.000E+00  0.000E+00  0.000E+00  0.000E+00  0.000E+00  1.245E+05  1.676E+07  3.773E+07  5.440E+07  6.332E+07  6.094E+07  4.829E+07  2.970E+07  7.119E+06  2.666E+02  0.000E+00  0.000E+00  0.000E+00  0.000E+00  0.000E+00  0.000E+00
  295.5000  0.000E+00  0.000E+00  0.000E+00  0.000E+00  0.000E+00  0.000E+00  0.000E+00  0.000E+00  3.725E+05  4.933E+07  1.130E+08  1.654E+08  1.939E+08  1.863E+08  1.460E+08  8.832E+07  2.090E+07  1.048E+03  0.000E+00  0.000E+00  0.000E+00  0.000E+00  0.000E+00  0.000E+00
  296.5000  0.000E+00  0.000E+00  0.000E+00  0.000E+00  0.000E+00  0.000E+00  0.000E+00  0.000E+00  7.706E+05  1.006E+08  2.350E+08  3.493E+08  4.129E+08  3.958E+08  3.068E+08  1.822E+08  4.250E+07  2.753E+03  0.000E+00  0.000E+00  0.000E+00  0.000E+00  0.000E+00  0.000E+00
  297.5000  0.000E+00  0.000E+00  0.000E+00  0.000E+00  0.000E+00  0.000E+00  0.000E+00  0.000E+00  1.749E+06  2.255E+08  5.384E+08  8.147E+08  9.719E+08  9.291E+08  7.110E+08  4.138E+08  9.430E+07  7.687E+03  0.000E+00  0.000E+00  0.000E+00  0.000E+00  0.000E+00  0.000E+00
  298.5000  0.000E+00  0.000E+00  0.000E+00  0.000E+00  0.000E+00  0.000E+00  0.000E+00  0.000E+00  2.455E+06  3.132E+08  7.660E+08  1.181E+09  1.424E+09  1.357E+09  1.024E+09  5.831E+08  1.309E+08  1.293E+04  0.000E+00  0.000E+00  0.000E+00  0.000E+00  0.000E+00  0.000E+00
  299.5000  0.000E+00  0.000E+00  0.000E+00  0.000E+00  0.000E+00  0.000E+00  0.000E+00  0.000E+00  6.493E+06  8.209E+08  2.068E+09  3.266E+09  3.998E+09  3.794E+09  2.805E+09  1.556E+09  3.405E+08  4.024E+04  0.000E+00  0.000E+00  0.000E+00  0.000E+00  0.000E+00  0.000E+00
  300.5000  0.000E+00  0.000E+00  0.000E+00  0.000E+00  0.000E+00  0.000E+00  0.000E+00  0.000E+00  7.078E+06  8.895E+08  2.305E+09  3.731E+09  4.649E+09  4.389E+09  3.174E+09  1.715E+09  3.658E+08  5.018E+04  0.000E+00  0.000E+00  0.000E+00  0.000E+00  0.000E+00  0.000E+00
  301.5000  0.000E+00  0.000E+00  0.000E+00  0.000E+00  0.000E+00  0.000E+00  0.000E+00  0.000E+00  1.686E+07  2.110E+09  5.693E+09  9.577E+09  1.230E+10  1.151E+10  8.017E+09  4.169E+09  8.570E+08  1.372E+05  0.000E+00  0.000E+00  0.000E+00  0.000E+00  0.000E+00  0.000E+00
  302.5000  0.000E+00  0.000E+00  0.000E+00  0.000E+00  0.000E+00  0.000E+00  0.000E+00  0.000E+00  2.407E+07  3.008E+09  8.391E+09  1.464E+10  1.934E+10  1.795E+10  1.206E+10  6.066E+09  1.208E+09  2.157E+05  0.000E+00  0.000E+00  0.000E+00  0.000E+00  0.000E+00  0.000E+00
  303.5000  0.000E+00  0.000E+00  0.000E+00  0.000E+00  0.000E+00  0.000E+00  0.000E+00  0.000E+00  4.926E+07  6.174E+09  1.809E+10  3.359E+10  4.635E+10  4.253E+10  2.694E+10  1.282E+10  2.435E+09  4.906E+05  0.000E+00  0.000E+00  0.000E+00  0.000E+00  0.000E+00  0.000E+00
  304.5000  0.000E+00  0.000E+00  0.000E+00  0.000E+00  0.000E+00  0.000E+00  0.000E+00  0.000E+00  6.070E+07  7.610E+09  2.318E+10  4.517E+10  6.411E+10  5.841E+10  3.551E+10  1.617E+10  2.969E+09  6.471E+05  0.000E+00  0.000E+00  0.000E+00  0.000E+00  0.000E+00  0.000E+00
  305.5000  0.000E+00  0.000E+00  0.000E+00  0.000E+00  0.000E+00  0.000E+00  0.000E+00  0.000E+00  9.770E+07  1.229E+10  4.058E+10  8.678E+10  1.282E+11  1.157E+11  6.588E+10  2.740E+10  4.709E+09  1.133E+06  0.000E+00  0.000E+00  0.000E+00  0.000E+00  0.000E+00  0.000E+00
  306.5000  0.000E+00  0.000E+00  0.000E+00  0.000E+00  0.000E+00  0.000E+00  0.000E+00  0.000E+00  1.124E+08  1.429E+10  4.881E+10  1.093E+11  1.637E+11  1.474E+11  8.168E+10  3.236E+10  5.374E+09  1.362E+06  0.000E+00  0.000E+00  0.000E+00  0.000E+00  0.000E+00  0.000E+00
  307.5000  0.000E+00  0.000E+00  0.000E+00  0.000E+00  0.000E+00  0.000E+00  0.000E+00  0.000E+00  1.986E+08  2.577E+10  9.768E+10  2.392E+11  3.638E+11  3.270E+11  1.745E+11  6.171E+10  9.382E+09  2.555E+06  0.000E+00  0.000E+00  0.000E+00  0.000E+00  0.000E+00  0.000E+00
  308.5000  0.000E+00  0.000E+00  0.000E+00  0.000E+00  0.000E+00  0.000E+00  0.000E+00  0.000E+00  2.436E+08  3.188E+10  1.268E+11  3.202E+11  4.875E+11  4.384E+11  2.320E+11  7.833E+10  1.144E+10  3.234E+06  0.000E+00  0.000E+00  0.000E+00  0.000E+00  0.000E+00  0.000E+00
  309.5000  0.000E+00  0.000E+00  0.000E+00  0.000E+00  0.000E+00  0.000E+00  0.000E+00  0.000E+00  2.537E+08  3.405E+10  1.501E+11  3.946E+11  5.966E+11  5.380E+11  2.846E+11  8.869E+10  1.184E+10  3.487E+06  0.000E+00  0.000E+00  0.000E+00  0.000E+00  0.000E+00  0.000E+00
  310.5000  0.000E+00  0.000E+00  0.000E+00  0.000E+00  0.000E+00  0.000E+00  0.000E+00  0.000E+00  3.969E+08  5.455E+10  2.614E+11  6.961E+11  1.041E+12  9.419E+11  5.036E+11  1.496E+11  1.840E+10  5.588E+06  0.000E+00  0.000E+00  0.000E+00  0.000E+00  0.000E+00  0.000E+00
  311.5000  0.000E+00  0.000E+00  0.000E+00  0.000E+00  0.000E+00  0.000E+00  0.000E+00  0.000E+00  5.633E+08  7.896E+10  4.019E+11  1.071E+12  1.586E+12  1.439E+12  7.783E+11  2.253E+11  2.596E+10  8.065E+06  0.000E+00  0.000E+00  0.000E+00  0.000E+00  0.000E+00  0.000E+00
  312.5000  0.000E+00  0.000E+00  0.000E+00  0.000E+00  0.000E+00  0.000E+00  0.000E+00  0.000E+00  6.715E+08  9.905E+10  5.614E+11  1.461E+12  2.110E+12  1.927E+12  1.078E+12  3.068E+11  3.103E+10  9.694E+06  0.000E+00  0.000E+00  0.000E+00  0.000E+00  0.000E+00  0.000E+00
  313.5000  0.000E+00  0.000E+00  0.000E+00  0.000E+00  0.000E+00  0.000E+00  0.000E+00  0.000E+00  8.070E+08  1.204E+11  6.977E+11  1.800E+12  2.585E+12  2.365E+12  1.334E+12  3.798E+11  3.725E+10  1.177E+07  0.000E+00  0.000E+00  0.000E+00  0.000E+00  0.000E+00  0.000E+00
  314.5000  0.000E+00  0.000E+00  0.000E+00  0.000E+00  0.000E+00  0.000E+00  0.000E+00  0.000E+00  9.965E+08  1.595E+11  9.938E+11  2.438E+12  3.404E+12  3.136E+12  1.843E+12  5.410E+11  4.638E+10  1.437E+07  0.000E+00  0.000E+00  0.000E+00  0.000E+00  0.000E+00  0.000E+00
  315.5000  0.000E+00  0.000E+00  0.000E+00  0.000E+00  0.000E+00  0.000E+00  0.000E+00  0.000E+00  1.081E+09  1.743E+11  1.093E+12  2.656E+12  3.693E+12  3.407E+12  2.015E+12  5.960E+11  5.025E+10  1.568E+07  0.000E+00  0.000E+00  0.000E+00  0.000E+00  0.000E+00  0.000E+00
  316.5000  0.000E+00  0.000E+00  0.000E+00  0.000E+00  0.000E+00  0.000E+00  0.000E+00  0.000E+00  1.326E+09  2.311E+11  1.472E+12  3.378E+12  4.582E+12  4.252E+12  2.614E+12  8.192E+11  6.263E+10  1.869E+07  0.000E+00  0.000E+00  0.000E+00  0.000E+00  0.000E+00  0.000E+00
  317.5000  0.000E+00  0.000E+00  0.000E+00  0.000E+00  0.000E+00  0.000E+00  0.000E+00  0.000E+00  1.891E+09  3.278E+11  2.089E+12  4.802E+12  6.517E+12  6.047E+12  3.714E+12  1.162E+12  8.903E+10  2.695E+07  0.000E+00  0.000E+00  0.000E+00  0.000E+00  0.000E+00  0.000E+00
  318.5000  0.000E+00  0.000E+00  0.000E+00  0.000E+00  0.000E+00  0.000E+00  0.000E+00  0.000E+00  1.883E+09  3.568E+11  2.205E+12  4.752E+12  6.290E+12  5.873E+12  3.753E+12  1.267E+12  9.105E+10  2.555E+07  0.000E+00  0.000E+00  0.000E+00  0.000E+00  0.000E+00  0.000E+00
  319.5000  0.000E+00  0.000E+00  0.000E+00  0.000E+00  0.000E+00  0.000E+00  0.000E+00  0.000E+00  2.441E+09  4.679E+11  2.856E+12  6.080E+12  8.015E+12  7.490E+12  4.820E+12  1.654E+12  1.184E+11  3.293E+07  0.000E+00  0.000E+00  0.000E+00  0.000E+00  0.000E+00  0.000E+00
  320.5000  0.000E+00  0.000E+00  0.000E+00  0.000E+00  0.000E+00  0.000E+00  0.000E+00  0.000E+00  3.170E+09  6.215E+11  3.737E+12  7.833E+12  1.027E+13  9.609E+12  6.239E+12  2.185E+12  1.551E+11  4.237E+07  0.000E+00  0.000E+00  0.000E+00  0.000E+00  0.000E+00  0.000E+00
  321.5000  0.000E+00  0.000E+00  0.000E+00  0.000E+00  0.000E+00  0.000E+00  0.000E+00  0.000E+00  3.708E+09  7.844E+11  4.222E+12  8.242E+12  1.054E+13  9.922E+12  6.708E+12  2.591E+12  1.895E+11  4.487E+07  0.000E+00  0.000E+00  0.000E+00  0.000E+00  0.000E+00  0.000E+00
  322.5000  0.000E+00  0.000E+00  0.000E+00  0.000E+00  0.000E+00  0.000E+00  0.000E+00  0.000E+00  2.909E+09  5.790E+11  3.428E+12  7.093E+12  9.258E+12  8.672E+12  5.672E+12  2.021E+12  1.430E+11  3.888E+07  0.000E+00  0.000E+00  0.000E+00  0.000E+00  0.000E+00  0.000E+00
  323.5000  0.000E+00  0.000E+00  0.000E+00  0.000E+00  0.000E+00  0.000E+00  0.000E+00  0.000E+00  4.577E+09  9.950E+11  5.016E+12  9.485E+12  1.200E+13  1.133E+13  7.793E+12  3.153E+12  2.397E+11  5.283E+07  0.000E+00  0.000E+00  0.000E+00  0.000E+00  0.000E+00  0.000E+00
  324.5000  0.000E+00  0.000E+00  0.000E+00  0.000E+00  0.000E+00  0.000E+00  0.000E+00  0.000E+00  5.317E+09  1.147E+12  5.832E+12  1.108E+13  1.405E+13  1.325E+13  9.089E+12  3.654E+12  2.766E+11  6.239E+07  0.000E+00  0.000E+00  0.000E+00  0.000E+00  0.000E+00  0.000E+00
  325.5000  0.000E+00  0.000E+00  0.000E+00  0.000E+00  0.000E+00  0.000E+00  0.000E+00  0.000E+00  5.575E+09  1.197E+12  6.270E+12  1.208E+13  1.538E+13  1.449E+13  9.865E+12  3.889E+12  2.878E+11  6.777E+07  0.000E+00  0.000E+00  0.000E+00  0.000E+00  0.000E+00  0.000E+00
  326.5000  0.000E+00  0.000E+00  0.000E+00  0.000E+00  0.000E+00  0.000E+00  0.000E+00  0.000E+00  9.876E+09  2.158E+12  9.688E+12  1.748E+13  2.179E+13  2.064E+13  1.456E+13  6.321E+12  5.340E+11  1.037E+08  0.000E+00  0.000E+00  0.000E+00  0.000E+00  0.000E+00  0.000E+00
  327.5000  0.000E+00  0.000E+00  0.000E+00  0.000E+00  0.000E+00  0.000E+00  0.000E+00  0.000E+00  8.086E+09  1.765E+12  8.380E+12  1.547E+13  1.944E+13  1.838E+13  1.280E+13  5.372E+12  4.298E+11  9.065E+07  0.000E+00  0.000E+00  0.000E+00  0.000E+00  0.000E+00  0.000E+00
  328.5000  0.000E+00  0.000E+00  0.000E+00  0.000E+00  0.000E+00  0.000E+00  0.000E+00  0.000E+00  7.445E+09  1.639E+12  7.794E+12  1.439E+13  1.809E+13  1.710E+13  1.190E+13  4.996E+12  3.975E+11  8.419E+07  0.000E+00  0.000E+00  0.000E+00  0.000E+00  0.000E+00  0.000E+00
  329.5000  0.000E+00  0.000E+00  0.000E+00  0.000E+00  0.000E+00  0.000E+00  0.000E+00  0.000E+00  1.360E+10  2.924E+12  1.215E+13  2.134E+13  2.639E+13  2.505E+13  1.791E+13  8.108E+12  7.472E+11  1.341E+08  0.000E+00  0.000E+00  0.000E+00  0.000E+00  0.000E+00  0.000E+00
  330.5000  0.000E+00  0.000E+00  0.000E+00  0.000E+00  0.000E+00  0.000E+00  0.000E+00  0.000E+00  1.067E+10  2.332E+12  1.029E+13  1.850E+13  2.304E+13  2.183E+13  1.541E+13  6.751E+12  5.796E+11  1.133E+08  0.000E+00  0.000E+00  0.000E+00  0.000E+00  0.000E+00  0.000E+00
  331.5000  0.000E+00  0.000E+00  0.000E+00  0.000E+00  0.000E+00  0.000E+00  0.000E+00  0.000E+00  1.022E+10  2.250E+12  1.007E+13  1.818E+13  2.270E+13  2.149E+13  1.513E+13  6.569E+12  5.552E+11  1.109E+08  0.000E+00  0.000E+00  0.000E+00  0.000E+00  0.000E+00  0.000E+00
  332.5000  0.000E+00  0.000E+00  0.000E+00  0.000E+00  0.000E+00  0.000E+00  0.000E+00  0.000E+00  1.321E+10  2.818E+12  1.135E+13  1.977E+13  2.439E+13  2.316E+13  1.662E+13  7.599E+12  7.309E+11  1.285E+08  0.000E+00  0.000E+00  0.000E+00  0.000E+00  0.000E+00  0.000E+00
  333.5000  0.000E+00  0.000E+00  0.000E+00  0.000E+00  0.000E+00  0.000E+00  0.000E+00  0.000E+00  1.101E+10  2.397E+12  1.013E+13  1.795E+13  2.228E+13  2.112E+13  1.502E+13  6.690E+12  6.057E+11  1.138E+08  0.000E+00  0.000E+00  0.000E+00  0.000E+00  0.000E+00  0.000E+00
  334.5000  0.000E+00  0.000E+00  0.000E+00  0.000E+00  0.000E+00  0.000E+00  0.000E+00  0.000E+00  1.307E+10  2.835E+12  1.171E+13  2.059E+13  2.550E+13  2.419E+13  1.726E+13  7.769E+12  7.238E+11  1.326E+08  0.000E+00  0.000E+00  0.000E+00  0.000E+00  0.000E+00  0.000E+00
  335.5000  0.000E+00  0.000E+00  0.000E+00  0.000E+00  0.000E+00  0.000E+00  0.000E+00  0.000E+00  1.534E+10  3.244E+12  1.270E+13  2.195E+13  2.703E+13  2.568E+13  1.849E+13  8.528E+12  8.542E+11  1.473E+08  0.000E+00  0.000E+00  0.000E+00  0.000E+00  0.000E+00  0.000E+00
  336.5000  0.000E+00  0.000E+00  0.000E+00  0.000E+00  0.000E+00  0.000E+00  0.000E+00  0.000E+00  1.149E+10  2.460E+12  9.796E+12  1.704E+13  2.103E+13  1.997E+13  1.433E+13  6.541E+12  6.405E+11  1.134E+08  0.000E+00  0.000E+00  0.000E+00  0.000E+00  0.000E+00  0.000E+00
  337.5000  0.000E+00  0.000E+00  0.000E+00  0.000E+00  0.000E+00  0.000E+00  0.000E+00  0.000E+00  1.142E+10  2.497E+12  1.034E+13  1.824E+13  2.262E+13  2.145E+13  1.527E+13  6.829E+12  6.352E+11  1.187E+08  0.000E+00  0.000E+00  0.000E+00  0.000E+00  0.000E+00  0.000E+00
  338.5000  0.000E+00  0.000E+00  0.000E+00  0.000E+00  0.000E+00  0.000E+00  0.000E+00  0.000E+00  1.406E+10  2.995E+12  1.172E+13  2.029E+13  2.502E+13  2.376E+13  1.708E+13  7.838E+12  7.875E+11  1.376E+08  0.000E+00  0.000E+00  0.000E+00  0.000E+00  0.000E+00  0.000E+00
  339.5000  0.000E+00  0.000E+00  0.000E+00  0.000E+00  0.000E+00  0.000E+00  0.000E+00  0.000E+00  1.562E+10  3.326E+12  1.292E+13  2.233E+13  2.753E+13  2.614E+13  1.880E+13  8.645E+12  8.777E+11  1.526E+08  0.000E+00  0.000E+00  0.000E+00  0.000E+00  0.000E+00  0.000E+00
  340.5000  0.000E+00  0.000E+00  0.000E+00  0.000E+00  0.000E+00  0.000E+00  0.000E+00  0.000E+00  1.578E+10  3.411E+12  1.355E+13  2.362E+13  2.919E+13  2.770E+13  1.984E+13  9.005E+12  8.869E+11  1.594E+08  0.000E+00  0.000E+00  0.000E+00  0.000E+00  0.000E+00  0.000E+00
  341.5000  0.000E+00  0.000E+00  0.000E+00  0.000E+00  0.000E+00  0.000E+00  0.000E+00  0.000E+00  1.525E+10  3.246E+12  1.251E+13  2.161E+13  2.664E+13  2.530E+13  1.820E+13  8.368E+12  8.598E+11  1.496E+08  0.000E+00  0.000E+00  0.000E+00  0.000E+00  0.000E+00  0.000E+00
  342.5000  0.000E+00  0.000E+00  0.000E+00  0.000E+00  0.000E+00  0.000E+00  0.000E+00  0.000E+00  1.717E+10  3.655E+12  1.401E+13  2.419E+13  2.982E+13  2.832E+13  2.037E+13  9.373E+12  9.707E+11  1.684E+08  0.000E+00  0.000E+00  0.000E+00  0.000E+00  0.000E+00  0.000E+00
  343.5000  0.000E+00  0.000E+00  0.000E+00  0.000E+00  0.000E+00  0.000E+00  0.000E+00  0.000E+00  1.733E+10  3.728E+12  1.446E+13  2.508E+13  3.096E+13  2.939E+13  2.109E+13  9.635E+12  9.819E+11  1.736E+08  0.000E+00  0.000E+00  0.000E+00  0.000E+00  0.000E+00  0.000E+00
  344.5000  0.000E+00  0.000E+00  0.000E+00  0.000E+00  0.000E+00  0.000E+00  0.000E+00  0.000E+00  1.178E+10  2.560E+12  1.006E+13  1.753E+13  2.167E+13  2.057E+13  1.472E+13  6.671E+12  6.683E+11  1.206E+08  0.000E+00  0.000E+00  0.000E+00  0.000E+00  0.000E+00  0.000E+00
  345.5000  0.000E+00  0.000E+00  0.000E+00  0.000E+00  0.000E+00  0.000E+00  0.000E+00  0.000E+00  1.757E+10  3.755E+12  1.431E+13  2.473E+13  3.049E+13  2.895E+13  2.081E+13  9.554E+12  9.997E+11  1.744E+08  0.000E+00  0.000E+00  0.000E+00  0.000E+00  0.000E+00  0.000E+00
  346.5000  0.000E+00  0.000E+00  0.000E+00  0.000E+00  0.000E+00  0.000E+00  0.000E+00  0.000E+00  1.563E+10  3.394E+12  1.319E+13  2.295E+13  2.837E+13  2.693E+13  1.928E+13  8.754E+12  8.909E+11  1.601E+08  0.000E+00  0.000E+00  0.000E+00  0.000E+00  0.000E+00  0.000E+00
  347.5000  0.000E+00  0.000E+00  0.000E+00  0.000E+00  0.000E+00  0.000E+00  0.000E+00  0.000E+00  1.537E+10  3.346E+12  1.298E+13  2.261E+13  2.795E+13  2.653E+13  1.898E+13  8.611E+12  8.785E+11  1.582E+08  0.000E+00  0.000E+00  0.000E+00  0.000E+00  0.000E+00  0.000E+00
  348.5000  0.000E+00  0.000E+00  0.000E+00  0.000E+00  0.000E+00  0.000E+00  0.000E+00  0.000E+00  1.723E+10  3.745E+12  1.445E+13  2.513E+13  3.106E+13  2.948E+13  2.110E+13  9.582E+12  9.869E+11  1.770E+08  0.000E+00  0.000E+00  0.000E+00  0.000E+00  0.000E+00  0.000E+00
  349.5000  0.000E+00  0.000E+00  0.000E+00  0.000E+00  0.000E+00  0.000E+00  0.000E+00  0.000E+00  1.441E+10  3.147E+12  1.216E+13  2.118E+13  2.619E+13  2.485E+13  1.777E+13  8.053E+12  8.275E+11  1.493E+08  0.000E+00  0.000E+00  0.000E+00  0.000E+00  0.000E+00  0.000E+00
  350.5000  0.000E+00  0.000E+00  0.000E+00  0.000E+00  0.000E+00  0.000E+00  0.000E+00  0.000E+00  2.027E+10  4.439E+12  1.713E+13  2.987E+13  3.695E+13  3.507E+13  2.507E+13  1.134E+13  1.168E+12  2.112E+08  0.000E+00  0.000E+00  0.000E+00  0.000E+00  0.000E+00  0.000E+00
  351.5000  0.000E+00  0.000E+00  0.000E+00  0.000E+00  0.000E+00  0.000E+00  0.000E+00  0.000E+00  1.736E+10  3.823E+12  1.480E+13  2.586E+13  3.201E+13  3.037E+13  2.168E+13  9.777E+12  1.002E+12  1.827E+08  0.000E+00  0.000E+00  0.000E+00  0.000E+00  0.000E+00  0.000E+00
  352.5000  0.000E+00  0.000E+00  0.000E+00  0.000E+00  0.000E+00  0.000E+00  0.000E+00  0.000E+00  1.576E+10  3.479E+12  1.345E+13  2.351E+13  2.911E+13  2.762E+13  1.971E+13  8.879E+12  9.123E+11  1.666E+08  0.000E+00  0.000E+00  0.000E+00  0.000E+00  0.000E+00  0.000E+00
  353.5000  0.000E+00  0.000E+00  0.000E+00  0.000E+00  0.000E+00  0.000E+00  0.000E+00  0.000E+00  1.917E+10  4.236E+12  1.633E+13  2.855E+13  3.536E+13  3.354E+13  2.393E+13  1.078E+13  1.113E+12  2.031E+08  0.000E+00  0.000E+00  0.000E+00  0.000E+00  0.000E+00  0.000E+00
  354.5000  0.000E+00  0.000E+00  0.000E+00  0.000E+00  0.000E+00  0.000E+00  0.000E+00  0.000E+00  2.092E+10  4.632E+12  1.782E+13  3.116E+13  3.860E+13  3.662E+13  2.612E+13  1.175E+13  1.218E+12  2.225E+08  0.000E+00  0.000E+00  0.000E+00  0.000E+00  0.000E+00  0.000E+00
  355.5000  0.000E+00  0.000E+00  0.000E+00  0.000E+00  0.000E+00  0.000E+00  0.000E+00  0.000E+00  1.959E+10  4.350E+12  1.674E+13  2.932E+13  3.633E+13  3.446E+13  2.456E+13  1.103E+13  1.143E+12  2.096E+08  0.000E+00  0.000E+00  0.000E+00  0.000E+00  0.000E+00  0.000E+00
  356.5000  0.000E+00  0.000E+00  0.000E+00  0.000E+00  0.000E+00  0.000E+00  0.000E+00  0.000E+00  1.818E+10  4.053E+12  1.562E+13  2.738E+13  3.394E+13  3.219E+13  2.293E+13  1.027E+13  1.063E+12  1.959E+08  0.000E+00  0.000E+00  0.000E+00  0.000E+00  0.000E+00  0.000E+00
  357.5000  0.000E+00  0.000E+00  0.000E+00  0.000E+00  0.000E+00  0.000E+00  0.000E+00  0.000E+00  1.544E+10  3.457E+12  1.334E+13  2.342E+13  2.905E+13  2.755E+13  1.960E+13  8.761E+12  9.052E+11  1.677E+08  0.000E+00  0.000E+00  0.000E+00  0.000E+00  0.000E+00  0.000E+00
  358.5000  0.000E+00  0.000E+00  0.000E+00  0.000E+00  0.000E+00  0.000E+00  0.000E+00  0.000E+00  1.196E+10  2.688E+12  1.036E+13  1.821E+13  2.259E+13  2.142E+13  1.524E+13  6.801E+12  7.036E+11  1.306E+08  0.000E+00  0.000E+00  0.000E+00  0.000E+00  0.000E+00  0.000E+00
  359.5000  0.000E+00  0.000E+00  0.000E+00  0.000E+00  0.000E+00  0.000E+00  0.000E+00  0.000E+00  2.013E+10  4.543E+12  1.753E+13  3.084E+13  3.828E+13  3.630E+13  2.580E+13  1.149E+13  1.188E+12  2.214E+08  0.000E+00  0.000E+00  0.000E+00  0.000E+00  0.000E+00  0.000E+00
  360.5000  0.000E+00  0.000E+00  0.000E+00  0.000E+00  0.000E+00  0.000E+00  0.000E+00  0.000E+00  1.870E+10  4.230E+12  1.633E+13  2.878E+13  3.573E+13  3.388E+13  2.406E+13  1.069E+13  1.105E+12  2.069E+08  0.000E+00  0.000E+00  0.000E+00  0.000E+00  0.000E+00  0.000E+00
  361.5000  0.000E+00  0.000E+00  0.000E+00  0.000E+00  0.000E+00  0.000E+00  0.000E+00  0.000E+00  1.690E+10  3.839E+12  1.482E+13  2.614E+13  3.246E+13  3.078E+13  2.184E+13  9.692E+12  1.002E+12  1.882E+08  0.000E+00  0.000E+00  0.000E+00  0.000E+00  0.000E+00  0.000E+00
  362.5000  0.000E+00  0.000E+00  0.000E+00  0.000E+00  0.000E+00  0.000E+00  0.000E+00  0.000E+00  1.989E+10  4.533E+12  1.750E+13  3.091E+13  3.840E+13  3.640E+13  2.582E+13  1.143E+13  1.183E+12  2.228E+08  0.000E+00  0.000E+00  0.000E+00  0.000E+00  0.000E+00  0.000E+00
  363.5000  0.000E+00  0.000E+00  0.000E+00  0.000E+00  0.000E+00  0.000E+00  0.000E+00  0.000E+00  1.773E+10  4.052E+12  1.565E+13  2.768E+13  3.440E+13  3.261E+13  2.311E+13  1.021E+13  1.057E+12  1.998E+08  0.000E+00  0.000E+00  0.000E+00  0.000E+00  0.000E+00  0.000E+00
  364.5000  0.000E+00  0.000E+00  0.000E+00  0.000E+00  0.000E+00  0.000E+00  0.000E+00  0.000E+00  1.930E+10  4.436E+12  1.716E+13  3.039E+13  3.778E+13  3.582E+13  2.536E+13  1.118E+13  1.155E+12  2.193E+08  0.000E+00  0.000E+00  0.000E+00  0.000E+00  0.000E+00  0.000E+00
  365.5000  0.000E+00  0.000E+00  0.000E+00  0.000E+00  0.000E+00  0.000E+00  0.000E+00  0.000E+00  2.350E+10  5.423E+12  2.101E+13  3.726E+13  4.635E+13  4.393E+13  3.109E+13  1.367E+13  1.410E+12  2.690E+08  0.000E+00  0.000E+00  0.000E+00  0.000E+00  0.000E+00  0.000E+00
  366.5000  0.000E+00  0.000E+00  0.000E+00  0.000E+00  0.000E+00  0.000E+00  0.000E+00  0.000E+00  2.490E+10  5.770E+12  2.236E+13  3.971E+13  4.941E+13  4.683E+13  3.312E+13  1.453E+13  1.498E+12  2.868E+08  0.000E+00  0.000E+00  0.000E+00  0.000E+00  0.000E+00  0.000E+00
  367.5000  0.000E+00  0.000E+00  0.000E+00  0.000E+00  0.000E+00  0.000E+00  0.000E+00  0.000E+00  2.370E+10  5.509E+12  2.135E+13  3.797E+13  4.726E+13  4.479E+13  3.165E+13  1.386E+13  1.430E+12  2.746E+08  0.000E+00  0.000E+00  0.000E+00  0.000E+00  0.000E+00  0.000E+00
  368.5000  0.000E+00  0.000E+00  0.000E+00  0.000E+00  0.000E+00  0.000E+00  0.000E+00  0.000E+00  2.085E+10  4.860E+12  1.886E+13  3.358E+13  4.181E+13  3.962E+13  2.798E+13  1.223E+13  1.261E+12  2.430E+08  0.000E+00  0.000E+00  0.000E+00  0.000E+00  0.000E+00  0.000E+00
  369.5000  0.000E+00  0.000E+00  0.000E+00  0.000E+00  0.000E+00  0.000E+00  0.000E+00  0.000E+00  2.495E+10  5.854E+12  2.274E+13  4.055E+13  5.050E+13  4.786E+13  3.377E+13  1.473E+13  1.515E+12  2.933E+08  0.000E+00  0.000E+00  0.000E+00  0.000E+00  0.000E+00  0.000E+00
  370.5000  0.000E+00  0.000E+00  0.000E+00  0.000E+00  0.000E+00  0.000E+00  0.000E+00  0.000E+00  2.268E+10  5.335E+12  2.074E+13  3.704E+13  4.614E+13  4.372E+13  3.084E+13  1.341E+13  1.380E+12  2.681E+08  0.000E+00  0.000E+00  0.000E+00  0.000E+00  0.000E+00  0.000E+00
  371.5000  0.000E+00  0.000E+00  0.000E+00  0.000E+00  0.000E+00  0.000E+00  0.000E+00  0.000E+00  2.595E+10  6.131E+12  2.386E+13  4.267E+13  5.317E+13  5.038E+13  3.551E+13  1.613E+13  1.584E+12  3.089E+08  0.000E+00  0.000E+00  0.000E+00  0.000E+00  0.000E+00  0.000E+00
  372.5000  0.000E+00  0.000E+00  0.000E+00  0.000E+00  0.000E+00  0.000E+00  0.000E+00  0.000E+00  1.920E+10  4.550E+12  1.772E+13  3.173E+13  3.955E+13  3.748E+13  2.640E+13  1.196E+13  1.174E+12  2.298E+08  0.000E+00  0.000E+00  0.000E+00  0.000E+00  0.000E+00  0.000E+00
  373.5000  0.000E+00  0.000E+00  0.000E+00  0.000E+00  0.000E+00  0.000E+00  0.000E+00  0.000E+00  1.733E+10  4.129E+12  1.610E+13  2.887E+13  3.600E+13  3.411E+13  2.401E+13  1.085E+13  1.065E+12  2.091E+08  0.000E+00  0.000E+00  0.000E+00  0.000E+00  0.000E+00  0.000E+00
  374.5000  0.000E+00  0.000E+00  0.000E+00  0.000E+00  0.000E+00  0.000E+00  0.000E+00  0.000E+00  1.903E+10  4.550E+12  1.776E+13  3.190E+13  3.979E+13  3.770E+13  2.652E+13  1.195E+13  1.171E+12  2.310E+08  0.000E+00  0.000E+00  0.000E+00  0.000E+00  0.000E+00  0.000E+00
  375.5000  0.000E+00  0.000E+00  0.000E+00  0.000E+00  0.000E+00  0.000E+00  0.000E+00  0.000E+00  2.146E+10  5.157E+12  2.015E+13  3.624E+13  4.522E+13  4.284E+13  3.012E+13  1.355E+13  1.326E+12  2.624E+08  0.000E+00  0.000E+00  0.000E+00  0.000E+00  0.000E+00  0.000E+00
  376.5000  0.000E+00  0.000E+00  0.000E+00  0.000E+00  0.000E+00  0.000E+00  0.000E+00  0.000E+00  2.147E+10  5.172E+12  2.023E+13  3.644E+13  4.548E+13  4.308E+13  3.027E+13  1.359E+13  1.329E+12  2.640E+08  0.000E+00  0.000E+00  0.000E+00  0.000E+00  0.000E+00  0.000E+00
  377.5000  0.000E+00  0.000E+00  0.000E+00  0.000E+00  0.000E+00  0.000E+00  0.000E+00  0.000E+00  2.552E+10  6.187E+12  2.422E+13  4.370E+13  5.454E+13  5.167E+13  3.628E+13  1.626E+13  1.587E+12  3.163E+08  0.000E+00  0.000E+00  0.000E+00  0.000E+00  0.000E+00  0.000E+00
  378.5000  0.000E+00  0.000E+00  0.000E+00  0.000E+00  0.000E+00  0.000E+00  0.000E+00  0.000E+00  2.776E+10  6.771E+12  2.654E+13  4.795E+13  5.986E+13  5.671E+13  3.980E+13  1.780E+13  1.735E+12  3.469E+08  0.000E+00  0.000E+00  0.000E+00  0.000E+00  0.000E+00  0.000E+00
  379.5000  0.000E+00  0.000E+00  0.000E+00  0.000E+00  0.000E+00  0.000E+00  0.000E+00  0.000E+00  2.061E+10  5.030E+12  1.974E+13  3.572E+13  4.460E+13  4.225E+13  2.963E+13  1.323E+13  1.288E+12  2.586E+08  0.000E+00  0.000E+00  0.000E+00  0.000E+00  0.000E+00  0.000E+00
  380.5000  0.000E+00  0.000E+00  0.000E+00  0.000E+00  0.000E+00  0.000E+00  0.000E+00  0.000E+00  2.474E+10  6.075E+12  2.387E+13  4.325E+13  5.402E+13  5.117E+13  3.587E+13  1.598E+13  1.554E+12  3.130E+08  0.000E+00  0.000E+00  0.000E+00  0.000E+00  0.000E+00  0.000E+00
  381.5000  0.000E+00  0.000E+00  0.000E+00  0.000E+00  0.000E+00  0.000E+00  0.000E+00  0.000E+00  2.323E+10  5.733E+12  2.256E+13  4.092E+13  5.113E+13  4.843E+13  3.393E+13  1.509E+13  1.465E+12  2.960E+08  0.000E+00  0.000E+00  0.000E+00  0.000E+00  0.000E+00  0.000E+00
  382.5000  0.000E+00  0.000E+00  0.000E+00  0.000E+00  0.000E+00  0.000E+00  0.000E+00  0.000E+00  1.546E+10  3.836E+12  1.511E+13  2.746E+13  3.431E+13  3.250E+13  2.276E+13  1.010E+13  9.783E+11  1.985E+08  0.000E+00  0.000E+00  0.000E+00  0.000E+00  0.000E+00  0.000E+00
  383.5000  0.000E+00  0.000E+00  0.000E+00  0.000E+00  0.000E+00  0.000E+00  0.000E+00  0.000E+00  1.360E+10  3.383E+12  1.334E+13  2.428E+13  3.034E+13  2.874E+13  2.012E+13  8.911E+12  8.623E+11  1.755E+08  0.000E+00  0.000E+00  0.000E+00  0.000E+00  0.000E+00  0.000E+00
  384.5000  0.000E+00  0.000E+00  0.000E+00  0.000E+00  0.000E+00  0.000E+00  0.000E+00  0.000E+00  2.048E+10  5.099E+12  2.013E+13  3.669E+13  4.586E+13  4.344E+13  3.039E+13  1.344E+13  1.299E+12  2.653E+08  0.000E+00  0.000E+00  0.000E+00  0.000E+00  0.000E+00  0.000E+00
  385.5000  0.000E+00  0.000E+00  0.000E+00  0.000E+00  0.000E+00  0.000E+00  0.000E+00  0.000E+00  2.028E+10  5.066E+12  2.003E+13  3.655E+13  4.570E+13  4.328E+13  3.026E+13  1.336E+13  1.289E+12  2.643E+08  0.000E+00  0.000E+00  0.000E+00  0.000E+00  0.000E+00  0.000E+00
  386.5000  0.000E+00  0.000E+00  0.000E+00  0.000E+00  0.000E+00  0.000E+00  0.000E+00  0.000E+00  2.061E+10  5.186E+12  2.053E+13  3.752E+13  4.691E+13  4.443E+13  3.105E+13  1.368E+13  1.317E+12  2.709E+08  0.000E+00  0.000E+00  0.000E+00  0.000E+00  0.000E+00  0.000E+00
  387.5000  0.000E+00  0.000E+00  0.000E+00  0.000E+00  0.000E+00  0.000E+00  0.000E+00  0.000E+00  1.912E+10  4.840E+12  1.919E+13  3.511E+13  4.391E+13  4.159E+13  2.905E+13  1.277E+13  1.228E+12  2.533E+08  0.000E+00  0.000E+00  0.000E+00  0.000E+00  0.000E+00  0.000E+00
  388.5000  0.000E+00  0.000E+00  0.000E+00  0.000E+00  0.000E+00  0.000E+00  0.000E+00  0.000E+00  1.917E+10  4.871E+12  1.934E+13  3.544E+13  4.432E+13  4.198E+13  2.931E+13  1.286E+13  1.235E+12  2.555E+08  0.000E+00  0.000E+00  0.000E+00  0.000E+00  0.000E+00  0.000E+00
  389.5000  0.000E+00  0.000E+00  0.000E+00  0.000E+00  0.000E+00  0.000E+00  0.000E+00  0.000E+00  2.420E+10  6.168E+12  2.453E+13  4.500E+13  5.630E+13  5.332E+13  3.721E+13  1.629E+13  1.562E+12  3.244E+08  0.000E+00  0.000E+00  0.000E+00  0.000E+00  0.000E+00  0.000E+00
  390.5000  0.000E+00  0.000E+00  0.000E+00  0.000E+00  0.000E+00  0.000E+00  0.000E+00  0.000E+00  2.374E+10  6.085E+12  2.423E+13  4.451E+13  5.569E+13  5.274E+13  3.680E+13  1.608E+13  1.539E+12  3.206E+08  0.000E+00  0.000E+00  0.000E+00  0.000E+00  0.000E+00  0.000E+00
  391.5000  0.000E+00  0.000E+00  0.000E+00  0.000E+00  0.000E+00  0.000E+00  0.000E+00  0.000E+00  2.814E+10  7.250E+12  2.890E+13  5.318E+13  6.654E+13  6.301E+13  4.395E+13  1.916E+13  1.831E+12  3.827E+08  0.000E+00  0.000E+00  0.000E+00  0.000E+00  0.000E+00  0.000E+00
  392.5000  0.000E+00  0.000E+00  0.000E+00  0.000E+00  0.000E+00  0.000E+00  0.000E+00  0.000E+00  2.111E+10  5.459E+12  2.180E+13  4.016E+13  5.025E+13  4.759E+13  3.318E+13  1.444E+13  1.378E+12  2.888E+08  0.000E+00  0.000E+00  0.000E+00  0.000E+00  0.000E+00  0.000E+00
  393.5000  0.000E+00  0.000E+00  0.000E+00  0.000E+00  0.000E+00  0.000E+00  0.000E+00  0.000E+00  9.162E+09  2.383E+12  9.531E+12  1.758E+13  2.200E+13  2.084E+13  1.452E+13  6.305E+12  6.010E+11  1.263E+08  0.000E+00  0.000E+00  0.000E+00  0.000E+00  0.000E+00  0.000E+00
  394.5000  0.000E+00  0.000E+00  0.000E+00  0.000E+00  0.000E+00  0.000E+00  0.000E+00  0.000E+00  2.156E+10  5.631E+12  2.255E+13  4.166E+13  5.214E+13  4.938E+13  3.440E+13  1.491E+13  1.418E+12  2.991E+08  0.000E+00  0.000E+00  0.000E+00  0.000E+00  0.000E+00  0.000E+00
  395.5000  0.000E+00  0.000E+00  0.000E+00  0.000E+00  0.000E+00  0.000E+00  0.000E+00  0.000E+00  2.776E+10  7.275E+12  2.918E+13  5.398E+13  6.756E+13  6.398E+13  4.456E+13  1.927E+13  1.831E+12  3.873E+08  0.000E+00  0.000E+00  0.000E+00  0.000E+00  0.000E+00  0.000E+00
  396.5000  0.000E+00  0.000E+00  0.000E+00  0.000E+00  0.000E+00  0.000E+00  0.000E+00  0.000E+00  1.631E+10  4.290E+12  1.724E+13  3.192E+13  3.995E+13  3.784E+13  2.634E+13  1.137E+13  1.078E+12  2.289E+08  0.000E+00  0.000E+00  0.000E+00  0.000E+00  0.000E+00  0.000E+00
  397.5000  0.000E+00  0.000E+00  0.000E+00  0.000E+00  0.000E+00  0.000E+00  0.000E+00  0.000E+00  1.880E+10  4.971E+12  2.000E+13  3.709E+13  4.643E+13  4.397E+13  3.061E+13  1.318E+13  1.248E+12  2.657E+08  0.000E+00  0.000E+00  0.000E+00  0.000E+00  0.000E+00  0.000E+00
  398.5000  0.000E+00  0.000E+00  0.000E+00  0.000E+00  0.000E+00  0.000E+00  0.000E+00  0.000E+00  3.238E+10  8.580E+12  3.458E+13  6.419E+13  8.035E+13  7.610E+13  5.296E+13  2.276E+13  2.153E+12  4.596E+08  0.000E+00  0.000E+00  0.000E+00  0.000E+00  0.000E+00  0.000E+00
  399.5000  0.000E+00  0.000E+00  0.000E+00  0.000E+00  0.000E+00  0.000E+00  0.000E+00  0.000E+00  3.358E+10  8.960E+12  3.617E+13  6.724E+13  8.417E+13  7.972E+13  5.546E+13  2.378E+13  2.245E+12  4.808E+08  0.000E+00  0.000E+00  0.000E+00  0.000E+00  0.000E+00  0.000E+00
  400.5000  0.000E+00  0.000E+00  0.000E+00  0.000E+00  0.000E+00  0.000E+00  0.000E+00  0.000E+00  3.533E+10  9.459E+12  3.825E+13  7.118E+13  8.911E+13  8.440E+13  5.870E+13  2.512E+13  2.369E+12  5.086E+08  0.000E+00  0.000E+00  0.000E+00  0.000E+00  0.000E+00  0.000E+00
  401.5000  0.000E+00  0.000E+00  0.000E+00  0.000E+00  0.000E+00  0.000E+00  0.000E+00  0.000E+00  3.625E+10  9.772E+12  3.958E+13  7.375E+13  9.232E+13  8.745E+13  6.081E+13  2.597E+13  2.444E+12  5.262E+08  0.000E+00  0.000E+00  0.000E+00  0.000E+00  0.000E+00  0.000E+00
  402.5000  0.000E+00  0.000E+00  0.000E+00  0.000E+00  0.000E+00  0.000E+00  0.000E+00  0.000E+00  3.777E+10  1.019E+13  4.134E+13  7.711E+13  9.652E+13  9.143E+13  6.356E+13  2.708E+13  2.546E+12  5.499E+08  0.000E+00  0.000E+00  0.000E+00  0.000E+00  0.000E+00  0.000E+00
  403.5000  0.000E+00  0.000E+00  0.000E+00  0.000E+00  0.000E+00  0.000E+00  0.000E+00  0.000E+00  3.446E+10  9.362E+12  3.806E+13  7.107E+13  8.897E+13  8.428E+13  5.858E+13  2.491E+13  2.337E+12  5.062E+08  0.000E+00  0.000E+00  0.000E+00  0.000E+00  0.000E+00  0.000E+00
  404.5000  0.000E+00  0.000E+00  0.000E+00  0.000E+00  0.000E+00  0.000E+00  0.000E+00  0.000E+00  3.373E+10  9.221E+12  3.755E+13  7.020E+13  8.787E+13  8.324E+13  5.785E+13  2.455E+13  2.299E+12  4.992E+08  0.000E+00  0.000E+00  0.000E+00  0.000E+00  0.000E+00  0.000E+00
  405.5000  0.000E+00  0.000E+00  0.000E+00  0.000E+00  0.000E+00  0.000E+00  0.000E+00  0.000E+00  3.498E+10  9.619E+12  3.924E+13  7.344E+13  9.193E+13  8.708E+13  6.051E+13  2.562E+13  2.396E+12  5.216E+08  0.000E+00  0.000E+00  0.000E+00  0.000E+00  0.000E+00  0.000E+00
  406.5000  0.000E+00  0.000E+00  0.000E+00  0.000E+00  0.000E+00  0.000E+00  0.000E+00  0.000E+00  3.300E+10  9.097E+12  3.718E+13  6.966E+13  8.719E+13  8.260E+13  5.738E+13  2.425E+13  2.264E+12  4.943E+08  0.000E+00  0.000E+00  0.000E+00  0.000E+00  0.000E+00  0.000E+00
  407.5000  0.000E+00  0.000E+00  0.000E+00  0.000E+00  0.000E+00  0.000E+00  0.000E+00  0.000E+00  3.327E+10  9.207E+12  3.770E+13  7.072E+13  8.851E+13  8.385E+13  5.825E+13  2.456E+13  2.288E+12  5.012E+08  0.000E+00  0.000E+00  0.000E+00  0.000E+00  0.000E+00  0.000E+00
  408.5000  0.000E+00  0.000E+00  0.000E+00  0.000E+00  0.000E+00  0.000E+00  0.000E+00  0.000E+00  3.699E+10  1.029E+13  4.223E+13  7.931E+13  9.926E+13  9.404E+13  6.531E+13  2.748E+13  2.556E+12  5.613E+08  0.000E+00  0.000E+00  0.000E+00  0.000E+00  0.000E+00  0.000E+00
  409.5000  0.000E+00  0.000E+00  0.000E+00  0.000E+00  0.000E+00  0.000E+00  0.000E+00  0.000E+00  3.622E+10  1.013E+13  4.165E+13  7.829E+13  9.798E+13  9.283E+13  6.446E+13  2.707E+13  2.513E+12  5.533E+08  0.000E+00  0.000E+00  0.000E+00  0.000E+00  0.000E+00  0.000E+00
  410.5000  0.000E+00  0.000E+00  0.000E+00  0.000E+00  0.000E+00  0.000E+00  0.000E+00  0.000E+00  3.139E+10  8.822E+12  3.633E+13  6.837E+13  8.556E+13  8.106E+13  5.629E+13  2.359E+13  2.186E+12  4.827E+08  0.000E+00  0.000E+00  0.000E+00  0.000E+00  0.000E+00  0.000E+00
  411.5000  0.000E+00  0.000E+00  0.000E+00  0.000E+00  0.000E+00  0.000E+00  0.000E+00  0.000E+00  3.768E+10  1.065E+13  4.394E+13  8.277E+13  1.036E+14  9.812E+13  6.813E+13  2.849E+13  2.637E+12  5.835E+08  0.000E+00  0.000E+00  0.000E+00  0.000E+00  0.000E+00  0.000E+00
  412.5000  0.000E+00  0.000E+00  0.000E+00  0.000E+00  0.000E+00  0.000E+00  0.000E+00  0.000E+00  3.738E+10  1.060E+13  4.381E+13  8.261E+13  1.034E+14  9.793E+13  6.800E+13  2.838E+13  2.623E+12  5.818E+08  0.000E+00  0.000E+00  0.000E+00  0.000E+00  0.000E+00  0.000E+00
  413.5000  0.000E+00  0.000E+00  0.000E+00  0.000E+00  0.000E+00  0.000E+00  0.000E+00  0.000E+00  3.620E+10  1.032E+13  4.275E+13  8.069E+13  1.009E+14  9.565E+13  6.641E+13  2.766E+13  2.552E+12  5.676E+08  0.000E+00  0.000E+00  0.000E+00  0.000E+00  0.000E+00  0.000E+00
  414.5000  0.000E+00  0.000E+00  0.000E+00  0.000E+00  0.000E+00  0.000E+00  0.000E+00  0.000E+00  3.720E+10  1.065E+13  4.421E+13  8.351E+13  1.045E+14  9.899E+13  6.873E+13  2.856E+13  2.632E+12  5.867E+08  0.000E+00  0.000E+00  0.000E+00  0.000E+00  0.000E+00  0.000E+00
  415.5000  0.000E+00  0.000E+00  0.000E+00  0.000E+00  0.000E+00  0.000E+00  0.000E+00  0.000E+00  3.560E+10  1.023E+13  4.254E+13  8.043E+13  1.006E+14  9.533E+13  6.618E+13  2.745E+13  2.524E+12  5.643E+08  0.000E+00  0.000E+00  0.000E+00  0.000E+00  0.000E+00  0.000E+00
  416.5000  0.000E+00  0.000E+00  0.000E+00  0.000E+00  0.000E+00  0.000E+00  0.000E+00  0.000E+00  3.869E+10  1.118E+13  4.657E+13  8.814E+13  1.102E+14  1.045E+14  7.252E+13  3.002E+13  2.755E+12  6.175E+08  0.000E+00  0.000E+00  0.000E+00  0.000E+00  0.000E+00  0.000E+00
  417.5000  0.000E+00  0.000E+00  0.000E+00  0.000E+00  0.000E+00  0.000E+00  0.000E+00  0.000E+00  3.536E+10  1.026E+13  4.283E+13  8.114E+13  1.014E+14  9.615E+13  6.676E+13  2.757E+13  2.527E+12  5.677E+08  0.000E+00  0.000E+00  0.000E+00  0.000E+00  0.000E+00  0.000E+00
  418.5000  0.000E+00  0.000E+00  0.000E+00  0.000E+00  0.000E+00  0.000E+00  0.000E+00  0.000E+00  3.560E+10  1.038E+13  4.344E+13  8.235E+13  1.029E+14  9.757E+13  6.775E+13  2.799E+13  2.555E+12  5.753E+08  0.000E+00  0.000E+00  0.000E+00  0.000E+00  0.000E+00  0.000E+00
  419.5000  0.000E+00  0.000E+00  0.000E+00  0.000E+00  0.000E+00  0.000E+00  0.000E+00  0.000E+00  3.679E+10  1.077E+13  4.515E+13  8.566E+13  1.071E+14  1.015E+14  7.047E+13  2.906E+13  2.648E+12  5.978E+08  0.000E+00  0.000E+00  0.000E+00  0.000E+00  0.000E+00  0.000E+00
------------------------------------------------------------
Photolysis rate coefficients, s-1
   1 = O3 -> O2 + O(1D)                                  
   2 = NO2 -> NO + O(3P)                                 
   3 = HNO2 -> OH + NO                                   
   4 = HNO3 -> OH + NO2                                  
   5 = ClNO2 -> Cl + NO2                                 
values at z =      0.263 km
Columns: time, sza, photo-reactions
time, hrs.  sza, deg.          1          2          3          4          5
    0.0000    146.844  0.000E+00  0.000E+00  0.000E+00  0.000E+00  0.000E+00
    1.0000    146.074  0.000E+00  0.000E+00  0.000E+00  0.000E+00  0.000E+00
    2.0000    141.965  0.000E+00  0.000E+00  0.000E+00  0.000E+00  0.000E+00
    3.0000    135.535  0.000E+00  0.000E+00  0.000E+00  0.000E+00  0.000E+00
    4.0000    127.801  0.000E+00  0.000E+00  0.000E+00  0.000E+00  0.000E+00
    5.0000    119.486  0.000E+00  0.000E+00  0.000E+00  0.000E+00  0.000E+00
    6.0000    111.087  0.000E+00  0.000E+00  0.000E+00  0.000E+00  0.000E+00
    7.0000    102.982  0.000E+00  0.000E+00  0.000E+00  0.000E+00  0.000E+00
    8.0000     95.508  3.421E-10  8.218E-07  1.359E-07  1.314E-11  3.131E-08
    9.0000     89.001  5.578E-08  1.988E-04  3.107E-05  2.515E-09  6.883E-06
   10.0000     83.807  2.657E-07  7.902E-04  1.221E-04  1.241E-08  2.860E-05
   11.0000     80.259  5.800E-07  1.431E-03  2.171E-04  2.531E-08  5.181E-05
   12.0000     78.626  7.977E-07  1.785E-03  2.700E-04  3.335E-08  6.492E-05
   13.0000     79.045  7.365E-07  1.691E-03  2.559E-04  3.115E-08  6.141E-05
   14.0000     81.481  4.501E-07  1.188E-03  1.811E-04  2.020E-08  4.298E-05
   15.0000     85.735  1.614E-07  5.216E-04  8.048E-05  7.620E-09  1.866E-05
   16.0000     91.502  1.679E-08  5.087E-05  8.056E-06  6.708E-10  1.777E-06
   17.0000     98.441  4.237E-12  1.016E-08  1.533E-09  1.583E-13  3.452E-10
   18.0000    106.208  0.000E+00  0.000E+00  0.000E+00  0.000E+00  0.000E+00
   19.0000    114.470  0.000E+00  0.000E+00  0.000E+00  0.000E+00  0.000E+00
   20.0000    122.878  0.000E+00  0.000E+00  0.000E+00  0.000E+00  0.000E+00
   21.0000    131.016  0.000E+00  0.000E+00  0.000E+00  0.000E+00  0.000E+00
   22.0000    138.308  0.000E+00  0.000E+00  0.000E+00  0.000E+00  0.000E+00
   23.0000    143.908  0.000E+00  0.000E+00  0.000E+00  0.000E+00  0.000E+00
------------------------------------------------------------
