Spectral actinic flux, quanta cm-2 s-1 nm-1
values at z =      0.263 km
Columns: wavelength (nm), times (hrs.) or sza (deg.)
    wc, nm      0.000      1.000      2.000      3.000      4.000      5.000      6.000      7.000      8.000      9.000     10.000     11.000     12.000     13.000     14.000     15.000     16.000     17.000     18.000     19.000     20.000     21.000     22.000     23.000
    sza =     146.355    145.697    141.701    135.353    127.665    119.367    110.960    102.829     95.314     88.752     83.493     79.875     78.173     78.532     80.921     85.143     90.891     97.819    105.582    113.842    122.249    130.388    137.689    143.319
  290.5000  0.000E+00  0.000E+00  0.000E+00  0.000E+00  0.000E+00  0.000E+00  0.000E+00  0.000E+00  1.012E+03  1.153E+05  2.416E+05  3.335E+05  3.811E+05  3.708E+05  3.058E+05  2.022E+05  6.146E+04  2.923E+01  0.000E+00  0.000E+00  0.000E+00  0.000E+00  0.000E+00  0.000E+00
  291.5000  0.000E+00  0.000E+00  0.000E+00  0.000E+00  0.000E+00  0.000E+00  0.000E+00  0.000E+00  4.124E+03  4.551E+05  9.620E+05  1.339E+06  1.537E+06  1.493E+06  1.224E+06  8.022E+05  2.428E+05  1.243E+02  0.000E+00  0.000E+00  0.000E+00  0.000E+00  0.000E+00  0.000E+00
  292.5000  0.000E+00  0.000E+00  0.000E+00  0.000E+00  0.000E+00  0.000E+00  0.000E+00  0.000E+00  1.221E+04  1.351E+06  2.848E+06  3.998E+06  4.610E+06  4.475E+06  3.647E+06  2.367E+06  7.122E+05  3.878E+02  0.000E+00  0.000E+00  0.000E+00  0.000E+00  0.000E+00  0.000E+00
  293.5000  0.000E+00  0.000E+00  0.000E+00  0.000E+00  0.000E+00  0.000E+00  0.000E+00  0.000E+00  4.402E+04  4.723E+06  1.020E+07  1.447E+07  1.678E+07  1.627E+07  1.316E+07  8.441E+06  2.500E+06  1.453E+03  0.000E+00  0.000E+00  0.000E+00  0.000E+00  0.000E+00  0.000E+00
  294.5000  0.000E+00  0.000E+00  0.000E+00  0.000E+00  0.000E+00  0.000E+00  0.000E+00  0.000E+00  1.017E+05  1.074E+07  2.348E+07  3.366E+07  3.924E+07  3.801E+07  3.051E+07  1.935E+07  5.715E+06  3.459E+03  0.000E+00  0.000E+00  0.000E+00  0.000E+00  0.000E+00  0.000E+00
  295.5000  0.000E+00  0.000E+00  0.000E+00  0.000E+00  0.000E+00  0.000E+00  0.000E+00  0.000E+00  3.213E+05  3.329E+07  7.420E+07  1.079E+08  1.268E+08  1.226E+08  9.741E+07  6.077E+07  1.771E+07  1.122E+04  0.000E+00  0.000E+00  0.000E+00  0.000E+00  0.000E+00  0.000E+00
  296.5000  0.000E+00  0.000E+00  0.000E+00  0.000E+00  0.000E+00  0.000E+00  0.000E+00  0.000E+00  6.956E+05  7.229E+07  1.614E+08  2.384E+08  2.822E+08  2.724E+08  2.142E+08  1.313E+08  3.765E+07  2.481E+04  0.000E+00  0.000E+00  0.000E+00  0.000E+00  0.000E+00  0.000E+00
  297.5000  0.000E+00  0.000E+00  0.000E+00  0.000E+00  0.000E+00  0.000E+00  0.000E+00  0.000E+00  1.649E+06  1.662E+08  3.850E+08  5.786E+08  6.912E+08  6.660E+08  5.171E+08  3.110E+08  8.746E+07  5.955E+04  0.000E+00  0.000E+00  0.000E+00  0.000E+00  0.000E+00  0.000E+00
  298.5000  0.000E+00  0.000E+00  0.000E+00  0.000E+00  0.000E+00  0.000E+00  0.000E+00  0.000E+00  2.391E+06  2.391E+08  5.668E+08  8.678E+08  1.048E+09  1.007E+09  7.712E+08  4.542E+08  1.251E+08  8.744E+04  0.000E+00  0.000E+00  0.000E+00  0.000E+00  0.000E+00  0.000E+00
  299.5000  0.000E+00  0.000E+00  0.000E+00  0.000E+00  0.000E+00  0.000E+00  0.000E+00  0.000E+00  6.538E+06  6.487E+08  1.581E+09  2.478E+09  3.037E+09  2.908E+09  2.186E+09  1.255E+09  3.368E+08  2.404E+05  0.000E+00  0.000E+00  0.000E+00  0.000E+00  0.000E+00  0.000E+00
  300.5000  0.000E+00  0.000E+00  0.000E+00  0.000E+00  0.000E+00  0.000E+00  0.000E+00  0.000E+00  7.313E+06  7.250E+08  1.808E+09  2.901E+09  3.618E+09  3.450E+09  2.539E+09  1.422E+09  3.700E+08  2.694E+05  0.000E+00  0.000E+00  0.000E+00  0.000E+00  0.000E+00  0.000E+00
  301.5000  0.000E+00  0.000E+00  0.000E+00  0.000E+00  0.000E+00  0.000E+00  0.000E+00  0.000E+00  1.792E+07  1.761E+09  4.592E+09  7.649E+09  9.833E+09  9.306E+09  6.604E+09  3.564E+09  8.966E+08  6.574E+05  0.000E+00  0.000E+00  0.000E+00  0.000E+00  0.000E+00  0.000E+00
  302.5000  0.000E+00  0.000E+00  0.000E+00  0.000E+00  0.000E+00  0.000E+00  0.000E+00  0.000E+00  2.607E+07  2.559E+09  6.893E+09  1.189E+10  1.574E+10  1.480E+10  1.014E+10  5.294E+09  1.290E+09  9.519E+05  0.000E+00  0.000E+00  0.000E+00  0.000E+00  0.000E+00  0.000E+00
  303.5000  0.000E+00  0.000E+00  0.000E+00  0.000E+00  0.000E+00  0.000E+00  0.000E+00  0.000E+00  5.453E+07  5.364E+09  1.519E+10  2.787E+10  3.861E+10  3.592E+10  2.321E+10  1.147E+10  2.664E+09  1.963E+06  0.000E+00  0.000E+00  0.000E+00  0.000E+00  0.000E+00  0.000E+00
  304.5000  0.000E+00  0.000E+00  0.000E+00  0.000E+00  0.000E+00  0.000E+00  0.000E+00  0.000E+00  6.804E+07  6.713E+09  1.971E+10  3.797E+10  5.421E+10  5.012E+10  3.107E+10  1.469E+10  3.296E+09  2.428E+06  0.000E+00  0.000E+00  0.000E+00  0.000E+00  0.000E+00  0.000E+00
  305.5000  0.000E+00  0.000E+00  0.000E+00  0.000E+00  0.000E+00  0.000E+00  0.000E+00  0.000E+00  1.116E+08  1.113E+10  3.516E+10  7.453E+10  1.112E+11  1.020E+11  5.914E+10  2.549E+10  5.351E+09  3.885E+06  0.000E+00  0.000E+00  0.000E+00  0.000E+00  0.000E+00  0.000E+00
  306.5000  0.000E+00  0.000E+00  0.000E+00  0.000E+00  0.000E+00  0.000E+00  0.000E+00  0.000E+00  1.294E+08  1.297E+10  4.265E+10  9.485E+10  1.438E+11  1.315E+11  7.424E+10  3.044E+10  6.169E+09  4.461E+06  0.000E+00  0.000E+00  0.000E+00  0.000E+00  0.000E+00  0.000E+00
  307.5000  0.000E+00  0.000E+00  0.000E+00  0.000E+00  0.000E+00  0.000E+00  0.000E+00  0.000E+00  2.323E+08  2.384E+10  8.689E+10  2.126E+11  3.281E+11  2.996E+11  1.628E+11  5.946E+10  1.101E+10  7.737E+06  0.000E+00  0.000E+00  0.000E+00  0.000E+00  0.000E+00  0.000E+00
  308.5000  0.000E+00  0.000E+00  0.000E+00  0.000E+00  0.000E+00  0.000E+00  0.000E+00  0.000E+00  2.865E+08  2.967E+10  1.137E+11  2.875E+11  4.444E+11  4.059E+11  2.189E+11  7.625E+10  1.354E+10  9.418E+06  0.000E+00  0.000E+00  0.000E+00  0.000E+00  0.000E+00  0.000E+00
  309.5000  0.000E+00  0.000E+00  0.000E+00  0.000E+00  0.000E+00  0.000E+00  0.000E+00  0.000E+00  3.016E+08  3.205E+10  1.366E+11  3.613E+11  5.548E+11  5.080E+11  2.739E+11  8.812E+10  1.423E+10  9.581E+06  0.000E+00  0.000E+00  0.000E+00  0.000E+00  0.000E+00  0.000E+00
  310.5000  0.000E+00  0.000E+00  0.000E+00  0.000E+00  0.000E+00  0.000E+00  0.000E+00  0.000E+00  4.753E+08  5.200E+10  2.409E+11  6.470E+11  9.821E+11  9.021E+11  4.918E+11  1.511E+11  2.245E+10  1.464E+07  0.000E+00  0.000E+00  0.000E+00  0.000E+00  0.000E+00  0.000E+00
  311.5000  0.000E+00  0.000E+00  0.000E+00  0.000E+00  0.000E+00  0.000E+00  0.000E+00  0.000E+00  6.777E+08  7.578E+10  3.738E+11  1.006E+12  1.511E+12  1.392E+12  7.676E+11  2.303E+11  3.207E+10  2.045E+07  0.000E+00  0.000E+00  0.000E+00  0.000E+00  0.000E+00  0.000E+00
  312.5000  0.000E+00  0.000E+00  0.000E+00  0.000E+00  0.000E+00  0.000E+00  0.000E+00  0.000E+00  8.146E+08  9.635E+10  5.321E+11  1.399E+12  2.047E+12  1.896E+12  1.082E+12  3.209E+11  3.898E+10  2.322E+07  0.000E+00  0.000E+00  0.000E+00  0.000E+00  0.000E+00  0.000E+00
  313.5000  0.000E+00  0.000E+00  0.000E+00  0.000E+00  0.000E+00  0.000E+00  0.000E+00  0.000E+00  9.811E+08  1.175E+11  6.644E+11  1.732E+12  2.519E+12  2.336E+12  1.344E+12  3.995E+11  4.703E+10  2.761E+07  0.000E+00  0.000E+00  0.000E+00  0.000E+00  0.000E+00  0.000E+00
  314.5000  0.000E+00  0.000E+00  0.000E+00  0.000E+00  0.000E+00  0.000E+00  0.000E+00  0.000E+00  1.220E+09  1.579E+11  9.641E+11  2.387E+12  3.371E+12  3.145E+12  1.886E+12  5.807E+11  5.981E+10  3.204E+07  0.000E+00  0.000E+00  0.000E+00  0.000E+00  0.000E+00  0.000E+00
  315.5000  0.000E+00  0.000E+00  0.000E+00  0.000E+00  0.000E+00  0.000E+00  0.000E+00  0.000E+00  1.324E+09  1.730E+11  1.064E+12  2.609E+12  3.667E+12  3.425E+12  2.067E+12  6.418E+11  6.504E+10  3.438E+07  0.000E+00  0.000E+00  0.000E+00  0.000E+00  0.000E+00  0.000E+00
  316.5000  0.000E+00  0.000E+00  0.000E+00  0.000E+00  0.000E+00  0.000E+00  0.000E+00  0.000E+00  1.632E+09  2.326E+11  1.456E+12  3.364E+12  4.606E+12  4.325E+12  2.712E+12  8.951E+11  8.278E+10  3.930E+07  0.000E+00  0.000E+00  0.000E+00  0.000E+00  0.000E+00  0.000E+00
  317.5000  0.000E+00  0.000E+00  0.000E+00  0.000E+00  0.000E+00  0.000E+00  0.000E+00  0.000E+00  2.329E+09  3.299E+11  2.067E+12  4.783E+12  6.553E+12  6.152E+12  3.854E+12  1.270E+12  1.177E+11  5.626E+07  0.000E+00  0.000E+00  0.000E+00  0.000E+00  0.000E+00  0.000E+00
  318.5000  0.000E+00  0.000E+00  0.000E+00  0.000E+00  0.000E+00  0.000E+00  0.000E+00  0.000E+00  2.330E+09  3.649E+11  2.215E+12  4.794E+12  6.398E+12  6.038E+12  3.933E+12  1.402E+12  1.233E+11  5.138E+07  0.000E+00  0.000E+00  0.000E+00  0.000E+00  0.000E+00  0.000E+00
  319.5000  0.000E+00  0.000E+00  0.000E+00  0.000E+00  0.000E+00  0.000E+00  0.000E+00  0.000E+00  3.024E+09  4.802E+11  2.878E+12  6.151E+12  8.170E+12  7.718E+12  5.062E+12  1.833E+12  1.611E+11  6.542E+07  0.000E+00  0.000E+00  0.000E+00  0.000E+00  0.000E+00  0.000E+00
  320.5000  0.000E+00  0.000E+00  0.000E+00  0.000E+00  0.000E+00  0.000E+00  0.000E+00  0.000E+00  3.932E+09  6.408E+11  3.779E+12  7.948E+12  1.050E+13  9.926E+12  6.569E+12  2.427E+12  2.124E+11  8.336E+07  0.000E+00  0.000E+00  0.000E+00  0.000E+00  0.000E+00  0.000E+00
  321.5000  0.000E+00  0.000E+00  0.000E+00  0.000E+00  0.000E+00  0.000E+00  0.000E+00  0.000E+00  4.633E+09  8.249E+11  4.332E+12  8.463E+12  1.089E+13  1.035E+13  7.127E+12  2.903E+12  2.672E+11  8.627E+07  0.000E+00  0.000E+00  0.000E+00  0.000E+00  0.000E+00  0.000E+00
  322.5000  0.000E+00  0.000E+00  0.000E+00  0.000E+00  0.000E+00  0.000E+00  0.000E+00  0.000E+00  3.614E+09  5.995E+11  3.478E+12  7.219E+12  9.489E+12  8.982E+12  5.986E+12  2.251E+12  1.971E+11  7.541E+07  0.000E+00  0.000E+00  0.000E+00  0.000E+00  0.000E+00  0.000E+00
  323.5000  0.000E+00  0.000E+00  0.000E+00  0.000E+00  0.000E+00  0.000E+00  0.000E+00  0.000E+00  5.746E+09  1.057E+12  5.183E+12  9.794E+12  1.246E+13  1.187E+13  8.314E+12  3.545E+12  3.431E+11  1.010E+08  0.000E+00  0.000E+00  0.000E+00  0.000E+00  0.000E+00  0.000E+00
  324.5000  0.000E+00  0.000E+00  0.000E+00  0.000E+00  0.000E+00  0.000E+00  0.000E+00  0.000E+00  6.673E+09  1.216E+12  6.021E+12  1.144E+13  1.458E+13  1.388E+13  9.695E+12  4.107E+12  3.951E+11  1.186E+08  0.000E+00  0.000E+00  0.000E+00  0.000E+00  0.000E+00  0.000E+00
  325.5000  0.000E+00  0.000E+00  0.000E+00  0.000E+00  0.000E+00  0.000E+00  0.000E+00  0.000E+00  6.982E+09  1.266E+12  6.459E+12  1.244E+13  1.594E+13  1.516E+13  1.051E+13  4.368E+12  4.091E+11  1.284E+08  0.000E+00  0.000E+00  0.000E+00  0.000E+00  0.000E+00  0.000E+00
  326.5000  0.000E+00  0.000E+00  0.000E+00  0.000E+00  0.000E+00  0.000E+00  0.000E+00  0.000E+00  1.254E+10  2.326E+12  1.011E+13  1.819E+13  2.277E+13  2.176E+13  1.562E+13  7.136E+12  7.799E+11  2.000E+08  0.000E+00  0.000E+00  0.000E+00  0.000E+00  0.000E+00  0.000E+00
  327.5000  0.000E+00  0.000E+00  0.000E+00  0.000E+00  0.000E+00  0.000E+00  0.000E+00  0.000E+00  1.021E+10  1.890E+12  8.706E+12  1.605E+13  2.026E+13  1.933E+13  1.370E+13  6.056E+12  6.223E+11  1.719E+08  0.000E+00  0.000E+00  0.000E+00  0.000E+00  0.000E+00  0.000E+00
  328.5000  0.000E+00  0.000E+00  0.000E+00  0.000E+00  0.000E+00  0.000E+00  0.000E+00  0.000E+00  9.397E+09  1.756E+12  8.099E+12  1.494E+13  1.886E+13  1.800E+13  1.275E+13  5.634E+12  5.762E+11  1.595E+08  0.000E+00  0.000E+00  0.000E+00  0.000E+00  0.000E+00  0.000E+00
  329.5000  0.000E+00  0.000E+00  0.000E+00  0.000E+00  0.000E+00  0.000E+00  0.000E+00  0.000E+00  1.743E+10  3.180E+12  1.274E+13  2.232E+13  2.770E+13  2.651E+13  1.929E+13  9.176E+12  1.103E+12  2.633E+08  0.000E+00  0.000E+00  0.000E+00  0.000E+00  0.000E+00  0.000E+00
  330.5000  0.000E+00  0.000E+00  0.000E+00  0.000E+00  0.000E+00  0.000E+00  0.000E+00  0.000E+00  1.357E+10  2.520E+12  1.076E+13  1.928E+13  2.412E+13  2.306E+13  1.657E+13  7.628E+12  8.497E+11  2.169E+08  0.000E+00  0.000E+00  0.000E+00  0.000E+00  0.000E+00  0.000E+00
  331.5000  0.000E+00  0.000E+00  0.000E+00  0.000E+00  0.000E+00  0.000E+00  0.000E+00  0.000E+00  1.298E+10  2.428E+12  1.051E+13  1.895E+13  2.375E+13  2.269E+13  1.626E+13  7.429E+12  8.131E+11  2.111E+08  0.000E+00  0.000E+00  0.000E+00  0.000E+00  0.000E+00  0.000E+00
  332.5000  0.000E+00  0.000E+00  0.000E+00  0.000E+00  0.000E+00  0.000E+00  0.000E+00  0.000E+00  1.702E+10  3.075E+12  1.193E+13  2.071E+13  2.564E+13  2.456E+13  1.793E+13  8.655E+12  1.084E+12  2.540E+08  0.000E+00  0.000E+00  0.000E+00  0.000E+00  0.000E+00  0.000E+00
  333.5000  0.000E+00  0.000E+00  0.000E+00  0.000E+00  0.000E+00  0.000E+00  0.000E+00  0.000E+00  1.408E+10  2.603E+12  1.062E+13  1.877E+13  2.337E+13  2.236E+13  1.618E+13  7.613E+12  8.939E+11  2.198E+08  0.000E+00  0.000E+00  0.000E+00  0.000E+00  0.000E+00  0.000E+00
  334.5000  0.000E+00  0.000E+00  0.000E+00  0.000E+00  0.000E+00  0.000E+00  0.000E+00  0.000E+00  1.677E+10  3.087E+12  1.230E+13  2.156E+13  2.679E+13  2.564E+13  1.862E+13  8.863E+12  1.072E+12  2.581E+08  0.000E+00  0.000E+00  0.000E+00  0.000E+00  0.000E+00  0.000E+00
  335.5000  0.000E+00  0.000E+00  0.000E+00  0.000E+00  0.000E+00  0.000E+00  0.000E+00  0.000E+00  1.985E+10  3.551E+12  1.338E+13  2.304E+13  2.847E+13  2.727E+13  1.998E+13  9.766E+12  1.271E+12  2.936E+08  0.000E+00  0.000E+00  0.000E+00  0.000E+00  0.000E+00  0.000E+00
  336.5000  0.000E+00  0.000E+00  0.000E+00  0.000E+00  0.000E+00  0.000E+00  0.000E+00  0.000E+00  1.483E+10  2.689E+12  1.031E+13  1.787E+13  2.213E+13  2.120E+13  1.548E+13  7.496E+12  9.523E+11  2.235E+08  0.000E+00  0.000E+00  0.000E+00  0.000E+00  0.000E+00  0.000E+00
  337.5000  0.000E+00  0.000E+00  0.000E+00  0.000E+00  0.000E+00  0.000E+00  0.000E+00  0.000E+00  1.466E+10  2.719E+12  1.086E+13  1.910E+13  2.377E+13  2.274E+13  1.648E+13  7.821E+12  9.414E+11  2.293E+08  0.000E+00  0.000E+00  0.000E+00  0.000E+00  0.000E+00  0.000E+00
  338.5000  0.000E+00  0.000E+00  0.000E+00  0.000E+00  0.000E+00  0.000E+00  0.000E+00  0.000E+00  1.819E+10  3.281E+12  1.235E+13  2.131E+13  2.636E+13  2.525E+13  1.847E+13  9.014E+12  1.174E+12  2.727E+08  0.000E+00  0.000E+00  0.000E+00  0.000E+00  0.000E+00  0.000E+00
  339.5000  0.000E+00  0.000E+00  0.000E+00  0.000E+00  0.000E+00  0.000E+00  0.000E+00  0.000E+00  2.023E+10  3.646E+12  1.362E+13  2.346E+13  2.901E+13  2.779E+13  2.034E+13  9.957E+12  1.309E+12  3.031E+08  0.000E+00  0.000E+00  0.000E+00  0.000E+00  0.000E+00  0.000E+00
  340.5000  0.000E+00  0.000E+00  0.000E+00  0.000E+00  0.000E+00  0.000E+00  0.000E+00  0.000E+00  2.037E+10  3.731E+12  1.427E+13  2.479E+13  3.074E+13  2.943E+13  2.145E+13  1.038E+13  1.321E+12  3.121E+08  0.000E+00  0.000E+00  0.000E+00  0.000E+00  0.000E+00  0.000E+00
  341.5000  0.000E+00  0.000E+00  0.000E+00  0.000E+00  0.000E+00  0.000E+00  0.000E+00  0.000E+00  1.979E+10  3.561E+12  1.320E+13  2.272E+13  2.809E+13  2.691E+13  1.970E+13  9.663E+12  1.284E+12  2.971E+08  0.000E+00  0.000E+00  0.000E+00  0.000E+00  0.000E+00  0.000E+00
  342.5000  0.000E+00  0.000E+00  0.000E+00  0.000E+00  0.000E+00  0.000E+00  0.000E+00  0.000E+00  2.230E+10  4.012E+12  1.479E+13  2.544E+13  3.145E+13  3.013E+13  2.206E+13  1.084E+13  1.451E+12  3.350E+08  0.000E+00  0.000E+00  0.000E+00  0.000E+00  0.000E+00  0.000E+00
  343.5000  0.000E+00  0.000E+00  0.000E+00  0.000E+00  0.000E+00  0.000E+00  0.000E+00  0.000E+00  2.246E+10  4.089E+12  1.526E+13  2.637E+13  3.265E+13  3.127E+13  2.284E+13  1.115E+13  1.468E+12  3.423E+08  0.000E+00  0.000E+00  0.000E+00  0.000E+00  0.000E+00  0.000E+00
  344.5000  0.000E+00  0.000E+00  0.000E+00  0.000E+00  0.000E+00  0.000E+00  0.000E+00  0.000E+00  1.524E+10  2.805E+12  1.060E+13  1.842E+13  2.285E+13  2.188E+13  1.593E+13  7.726E+12  9.984E+11  2.356E+08  0.000E+00  0.000E+00  0.000E+00  0.000E+00  0.000E+00  0.000E+00
  345.5000  0.000E+00  0.000E+00  0.000E+00  0.000E+00  0.000E+00  0.000E+00  0.000E+00  0.000E+00  2.285E+10  4.126E+12  1.511E+13  2.602E+13  3.218E+13  3.083E+13  2.255E+13  1.109E+13  1.497E+12  3.462E+08  0.000E+00  0.000E+00  0.000E+00  0.000E+00  0.000E+00  0.000E+00
  346.5000  0.000E+00  0.000E+00  0.000E+00  0.000E+00  0.000E+00  0.000E+00  0.000E+00  0.000E+00  2.026E+10  3.723E+12  1.392E+13  2.414E+13  2.993E+13  2.866E+13  2.089E+13  1.016E+13  1.333E+12  3.134E+08  0.000E+00  0.000E+00  0.000E+00  0.000E+00  0.000E+00  0.000E+00
  347.5000  0.000E+00  0.000E+00  0.000E+00  0.000E+00  0.000E+00  0.000E+00  0.000E+00  0.000E+00  1.993E+10  3.671E+12  1.370E+13  2.378E+13  2.949E+13  2.824E+13  2.057E+13  1.001E+13  1.315E+12  3.094E+08  0.000E+00  0.000E+00  0.000E+00  0.000E+00  0.000E+00  0.000E+00
  348.5000  0.000E+00  0.000E+00  0.000E+00  0.000E+00  0.000E+00  0.000E+00  0.000E+00  0.000E+00  2.236E+10  4.113E+12  1.525E+13  2.644E+13  3.278E+13  3.139E+13  2.288E+13  1.115E+13  1.479E+12  3.469E+08  0.000E+00  0.000E+00  0.000E+00  0.000E+00  0.000E+00  0.000E+00
  349.5000  0.000E+00  0.000E+00  0.000E+00  0.000E+00  0.000E+00  0.000E+00  0.000E+00  0.000E+00  1.870E+10  3.455E+12  1.284E+13  2.229E+13  2.765E+13  2.647E+13  1.927E+13  9.381E+12  1.241E+12  2.918E+08  0.000E+00  0.000E+00  0.000E+00  0.000E+00  0.000E+00  0.000E+00
  350.5000  0.000E+00  0.000E+00  0.000E+00  0.000E+00  0.000E+00  0.000E+00  0.000E+00  0.000E+00  2.630E+10  4.875E+12  1.810E+13  3.145E+13  3.901E+13  3.735E+13  2.719E+13  1.323E+13  1.751E+12  4.122E+08  0.000E+00  0.000E+00  0.000E+00  0.000E+00  0.000E+00  0.000E+00
  351.5000  0.000E+00  0.000E+00  0.000E+00  0.000E+00  0.000E+00  0.000E+00  0.000E+00  0.000E+00  2.251E+10  4.197E+12  1.563E+13  2.722E+13  3.380E+13  3.236E+13  2.352E+13  1.141E+13  1.504E+12  3.553E+08  0.000E+00  0.000E+00  0.000E+00  0.000E+00  0.000E+00  0.000E+00
  352.5000  0.000E+00  0.000E+00  0.000E+00  0.000E+00  0.000E+00  0.000E+00  0.000E+00  0.000E+00  2.045E+10  3.821E+12  1.421E+13  2.475E+13  3.074E+13  2.943E+13  2.139E+13  1.037E+13  1.369E+12  3.238E+08  0.000E+00  0.000E+00  0.000E+00  0.000E+00  0.000E+00  0.000E+00
  353.5000  0.000E+00  0.000E+00  0.000E+00  0.000E+00  0.000E+00  0.000E+00  0.000E+00  0.000E+00  2.487E+10  4.654E+12  1.726E+13  3.007E+13  3.734E+13  3.575E+13  2.598E+13  1.261E+13  1.671E+12  3.948E+08  0.000E+00  0.000E+00  0.000E+00  0.000E+00  0.000E+00  0.000E+00
  354.5000  0.000E+00  0.000E+00  0.000E+00  0.000E+00  0.000E+00  0.000E+00  0.000E+00  0.000E+00  2.719E+10  5.091E+12  1.884E+13  3.283E+13  4.077E+13  3.903E+13  2.836E+13  1.376E+13  1.830E+12  4.325E+08  0.000E+00  0.000E+00  0.000E+00  0.000E+00  0.000E+00  0.000E+00
  355.5000  0.000E+00  0.000E+00  0.000E+00  0.000E+00  0.000E+00  0.000E+00  0.000E+00  0.000E+00  2.542E+10  4.782E+12  1.770E+13  3.089E+13  3.838E+13  3.674E+13  2.667E+13  1.293E+13  1.718E+12  4.064E+08  0.000E+00  0.000E+00  0.000E+00  0.000E+00  0.000E+00  0.000E+00
  356.5000  0.000E+00  0.000E+00  0.000E+00  0.000E+00  0.000E+00  0.000E+00  0.000E+00  0.000E+00  2.359E+10  4.455E+12  1.651E+13  2.885E+13  3.586E+13  3.432E+13  2.490E+13  1.205E+13  1.599E+12  3.790E+08  0.000E+00  0.000E+00  0.000E+00  0.000E+00  0.000E+00  0.000E+00
  357.5000  0.000E+00  0.000E+00  0.000E+00  0.000E+00  0.000E+00  0.000E+00  0.000E+00  0.000E+00  2.003E+10  3.800E+12  1.410E+13  2.468E+13  3.069E+13  2.937E+13  2.130E+13  1.029E+13  1.362E+12  3.236E+08  0.000E+00  0.000E+00  0.000E+00  0.000E+00  0.000E+00  0.000E+00
  358.5000  0.000E+00  0.000E+00  0.000E+00  0.000E+00  0.000E+00  0.000E+00  0.000E+00  0.000E+00  1.553E+10  2.955E+12  1.096E+13  1.919E+13  2.387E+13  2.285E+13  1.656E+13  7.993E+12  1.059E+12  2.518E+08  0.000E+00  0.000E+00  0.000E+00  0.000E+00  0.000E+00  0.000E+00
  359.5000  0.000E+00  0.000E+00  0.000E+00  0.000E+00  0.000E+00  0.000E+00  0.000E+00  0.000E+00  2.615E+10  4.994E+12  1.854E+13  3.252E+13  4.046E+13  3.872E+13  2.804E+13  1.352E+13  1.789E+12  4.261E+08  0.000E+00  0.000E+00  0.000E+00  0.000E+00  0.000E+00  0.000E+00
  360.5000  0.000E+00  0.000E+00  0.000E+00  0.000E+00  0.000E+00  0.000E+00  0.000E+00  0.000E+00  2.424E+10  4.651E+12  1.728E+13  3.034E+13  3.777E+13  3.614E+13  2.616E+13  1.259E+13  1.665E+12  3.971E+08  0.000E+00  0.000E+00  0.000E+00  0.000E+00  0.000E+00  0.000E+00
  361.5000  0.000E+00  0.000E+00  0.000E+00  0.000E+00  0.000E+00  0.000E+00  0.000E+00  0.000E+00  2.196E+10  4.221E+12  1.567E+13  2.756E+13  3.431E+13  3.283E+13  2.375E+13  1.142E+13  1.511E+12  3.609E+08  0.000E+00  0.000E+00  0.000E+00  0.000E+00  0.000E+00  0.000E+00
  362.5000  0.000E+00  0.000E+00  0.000E+00  0.000E+00  0.000E+00  0.000E+00  0.000E+00  0.000E+00  2.584E+10  4.985E+12  1.852E+13  3.260E+13  4.059E+13  3.884E+13  2.808E+13  1.349E+13  1.784E+12  4.266E+08  0.000E+00  0.000E+00  0.000E+00  0.000E+00  0.000E+00  0.000E+00
  363.5000  0.000E+00  0.000E+00  0.000E+00  0.000E+00  0.000E+00  0.000E+00  0.000E+00  0.000E+00  2.300E+10  4.456E+12  1.656E+13  2.920E+13  3.637E+13  3.480E+13  2.515E+13  1.206E+13  1.594E+12  3.816E+08  0.000E+00  0.000E+00  0.000E+00  0.000E+00  0.000E+00  0.000E+00
  364.5000  0.000E+00  0.000E+00  0.000E+00  0.000E+00  0.000E+00  0.000E+00  0.000E+00  0.000E+00  2.506E+10  4.879E+12  1.816E+13  3.206E+13  3.994E+13  3.822E+13  2.760E+13  1.321E+13  1.743E+12  4.181E+08  0.000E+00  0.000E+00  0.000E+00  0.000E+00  0.000E+00  0.000E+00
  365.5000  0.000E+00  0.000E+00  0.000E+00  0.000E+00  0.000E+00  0.000E+00  0.000E+00  0.000E+00  3.049E+10  5.965E+12  2.223E+13  3.931E+13  4.900E+13  4.688E+13  3.383E+13  1.617E+13  2.130E+12  5.116E+08  0.000E+00  0.000E+00  0.000E+00  0.000E+00  0.000E+00  0.000E+00
  366.5000  0.000E+00  0.000E+00  0.000E+00  0.000E+00  0.000E+00  0.000E+00  0.000E+00  0.000E+00  3.233E+10  6.347E+12  2.367E+13  4.190E+13  5.224E+13  4.998E+13  3.605E+13  1.720E+13  2.265E+12  5.448E+08  0.000E+00  0.000E+00  0.000E+00  0.000E+00  0.000E+00  0.000E+00
  367.5000  0.000E+00  0.000E+00  0.000E+00  0.000E+00  0.000E+00  0.000E+00  0.000E+00  0.000E+00  3.075E+10  6.059E+12  2.261E+13  4.007E+13  4.997E+13  4.781E+13  3.447E+13  1.642E+13  2.162E+12  5.204E+08  0.000E+00  0.000E+00  0.000E+00  0.000E+00  0.000E+00  0.000E+00
  368.5000  0.000E+00  0.000E+00  0.000E+00  0.000E+00  0.000E+00  0.000E+00  0.000E+00  0.000E+00  2.706E+10  5.346E+12  1.997E+13  3.544E+13  4.421E+13  4.229E+13  3.048E+13  1.449E+13  1.906E+12  4.599E+08  0.000E+00  0.000E+00  0.000E+00  0.000E+00  0.000E+00  0.000E+00
  369.5000  0.000E+00  0.000E+00  0.000E+00  0.000E+00  0.000E+00  0.000E+00  0.000E+00  0.000E+00  3.239E+10  6.441E+12  2.408E+13  4.280E+13  5.340E+13  5.109E+13  3.679E+13  1.747E+13  2.293E+12  5.538E+08  0.000E+00  0.000E+00  0.000E+00  0.000E+00  0.000E+00  0.000E+00
  370.5000  0.000E+00  0.000E+00  0.000E+00  0.000E+00  0.000E+00  0.000E+00  0.000E+00  0.000E+00  2.935E+10  5.868E+12  2.196E+13  3.909E+13  4.879E+13  4.668E+13  3.360E+13  1.593E+13  2.088E+12  5.044E+08  0.000E+00  0.000E+00  0.000E+00  0.000E+00  0.000E+00  0.000E+00
  371.5000  0.000E+00  0.000E+00  0.000E+00  0.000E+00  0.000E+00  0.000E+00  0.000E+00  0.000E+00  3.370E+10  6.746E+12  2.527E+13  4.504E+13  5.623E+13  5.379E+13  3.870E+13  1.831E+13  2.399E+12  5.811E+08  0.000E+00  0.000E+00  0.000E+00  0.000E+00  0.000E+00  0.000E+00
  372.5000  0.000E+00  0.000E+00  0.000E+00  0.000E+00  0.000E+00  0.000E+00  0.000E+00  0.000E+00  2.490E+10  5.006E+12  1.877E+13  3.350E+13  4.184E+13  4.002E+13  2.878E+13  1.359E+13  1.780E+12  4.316E+08  0.000E+00  0.000E+00  0.000E+00  0.000E+00  0.000E+00  0.000E+00
  373.5000  0.000E+00  0.000E+00  0.000E+00  0.000E+00  0.000E+00  0.000E+00  0.000E+00  0.000E+00  2.244E+10  4.542E+12  1.706E+13  3.049E+13  3.808E+13  3.642E+13  2.618E+13  1.234E+13  1.613E+12  3.912E+08  0.000E+00  0.000E+00  0.000E+00  0.000E+00  0.000E+00  0.000E+00
  374.5000  0.000E+00  0.000E+00  0.000E+00  0.000E+00  0.000E+00  0.000E+00  0.000E+00  0.000E+00  2.463E+10  5.006E+12  1.882E+13  3.369E+13  4.209E+13  4.026E+13  2.892E+13  1.361E+13  1.776E+12  4.315E+08  0.000E+00  0.000E+00  0.000E+00  0.000E+00  0.000E+00  0.000E+00
  375.5000  0.000E+00  0.000E+00  0.000E+00  0.000E+00  0.000E+00  0.000E+00  0.000E+00  0.000E+00  2.788E+10  5.675E+12  2.136E+13  3.828E+13  4.783E+13  4.575E+13  3.285E+13  1.543E+13  2.012E+12  4.899E+08  0.000E+00  0.000E+00  0.000E+00  0.000E+00  0.000E+00  0.000E+00
  376.5000  0.000E+00  0.000E+00  0.000E+00  0.000E+00  0.000E+00  0.000E+00  0.000E+00  0.000E+00  2.773E+10  5.692E+12  2.145E+13  3.849E+13  4.810E+13  4.601E+13  3.302E+13  1.549E+13  2.017E+12  4.909E+08  0.000E+00  0.000E+00  0.000E+00  0.000E+00  0.000E+00  0.000E+00
  377.5000  0.000E+00  0.000E+00  0.000E+00  0.000E+00  0.000E+00  0.000E+00  0.000E+00  0.000E+00  3.306E+10  6.807E+12  2.568E+13  4.615E+13  5.769E+13  5.518E+13  3.959E+13  1.853E+13  2.410E+12  5.877E+08  0.000E+00  0.000E+00  0.000E+00  0.000E+00  0.000E+00  0.000E+00
  378.5000  0.000E+00  0.000E+00  0.000E+00  0.000E+00  0.000E+00  0.000E+00  0.000E+00  0.000E+00  3.604E+10  7.452E+12  2.815E+13  5.065E+13  6.333E+13  6.057E+13  4.343E+13  2.030E+13  2.637E+12  6.439E+08  0.000E+00  0.000E+00  0.000E+00  0.000E+00  0.000E+00  0.000E+00
  379.5000  0.000E+00  0.000E+00  0.000E+00  0.000E+00  0.000E+00  0.000E+00  0.000E+00  0.000E+00  2.669E+10  5.535E+12  2.094E+13  3.773E+13  4.719E+13  4.513E+13  3.235E+13  1.509E+13  1.957E+12  4.789E+08  0.000E+00  0.000E+00  0.000E+00  0.000E+00  0.000E+00  0.000E+00
  380.5000  0.000E+00  0.000E+00  0.000E+00  0.000E+00  0.000E+00  0.000E+00  0.000E+00  0.000E+00  3.221E+10  6.686E+12  2.532E+13  4.570E+13  5.715E+13  5.466E+13  3.917E+13  1.824E+13  2.364E+12  5.793E+08  0.000E+00  0.000E+00  0.000E+00  0.000E+00  0.000E+00  0.000E+00
  381.5000  0.000E+00  0.000E+00  0.000E+00  0.000E+00  0.000E+00  0.000E+00  0.000E+00  0.000E+00  3.023E+10  6.311E+12  2.393E+13  4.324E+13  5.409E+13  5.173E+13  3.705E+13  1.722E+13  2.228E+12  5.466E+08  0.000E+00  0.000E+00  0.000E+00  0.000E+00  0.000E+00  0.000E+00
  382.5000  0.000E+00  0.000E+00  0.000E+00  0.000E+00  0.000E+00  0.000E+00  0.000E+00  0.000E+00  2.013E+10  4.222E+12  1.604E+13  2.902E+13  3.630E+13  3.472E+13  2.485E+13  1.153E+13  1.490E+12  3.658E+08  0.000E+00  0.000E+00  0.000E+00  0.000E+00  0.000E+00  0.000E+00
  383.5000  0.000E+00  0.000E+00  0.000E+00  0.000E+00  0.000E+00  0.000E+00  0.000E+00  0.000E+00  1.767E+10  3.724E+12  1.416E+13  2.566E+13  3.210E+13  3.070E+13  2.197E+13  1.017E+13  1.313E+12  3.228E+08  0.000E+00  0.000E+00  0.000E+00  0.000E+00  0.000E+00  0.000E+00
  384.5000  0.000E+00  0.000E+00  0.000E+00  0.000E+00  0.000E+00  0.000E+00  0.000E+00  0.000E+00  2.644E+10  5.612E+12  2.137E+13  3.877E+13  4.852E+13  4.640E+13  3.320E+13  1.534E+13  1.978E+12  4.865E+08  0.000E+00  0.000E+00  0.000E+00  0.000E+00  0.000E+00  0.000E+00
  385.5000  0.000E+00  0.000E+00  0.000E+00  0.000E+00  0.000E+00  0.000E+00  0.000E+00  0.000E+00  2.629E+10  5.577E+12  2.127E+13  3.863E+13  4.834E+13  4.624E+13  3.307E+13  1.525E+13  1.964E+12  4.840E+08  0.000E+00  0.000E+00  0.000E+00  0.000E+00  0.000E+00  0.000E+00
  386.5000  0.000E+00  0.000E+00  0.000E+00  0.000E+00  0.000E+00  0.000E+00  0.000E+00  0.000E+00  2.665E+10  5.708E+12  2.180E+13  3.965E+13  4.963E+13  4.747E+13  3.394E+13  1.562E+13  2.009E+12  4.947E+08  0.000E+00  0.000E+00  0.000E+00  0.000E+00  0.000E+00  0.000E+00
  387.5000  0.000E+00  0.000E+00  0.000E+00  0.000E+00  0.000E+00  0.000E+00  0.000E+00  0.000E+00  2.492E+10  5.328E+12  2.038E+13  3.711E+13  4.645E+13  4.443E+13  3.176E+13  1.459E+13  1.874E+12  4.628E+08  0.000E+00  0.000E+00  0.000E+00  0.000E+00  0.000E+00  0.000E+00
  388.5000  0.000E+00  0.000E+00  0.000E+00  0.000E+00  0.000E+00  0.000E+00  0.000E+00  0.000E+00  2.479E+10  5.362E+12  2.054E+13  3.746E+13  4.689E+13  4.485E+13  3.205E+13  1.470E+13  1.885E+12  4.649E+08  0.000E+00  0.000E+00  0.000E+00  0.000E+00  0.000E+00  0.000E+00
  389.5000  0.000E+00  0.000E+00  0.000E+00  0.000E+00  0.000E+00  0.000E+00  0.000E+00  0.000E+00  3.137E+10  6.791E+12  2.606E+13  4.757E+13  5.955E+13  5.696E+13  4.069E+13  1.862E+13  2.385E+12  5.896E+08  0.000E+00  0.000E+00  0.000E+00  0.000E+00  0.000E+00  0.000E+00
  390.5000  0.000E+00  0.000E+00  0.000E+00  0.000E+00  0.000E+00  0.000E+00  0.000E+00  0.000E+00  3.081E+10  6.699E+12  2.574E+13  4.706E+13  5.891E+13  5.635E+13  4.024E+13  1.839E+13  2.351E+12  5.817E+08  0.000E+00  0.000E+00  0.000E+00  0.000E+00  0.000E+00  0.000E+00
  391.5000  0.000E+00  0.000E+00  0.000E+00  0.000E+00  0.000E+00  0.000E+00  0.000E+00  0.000E+00  3.644E+10  7.981E+12  3.072E+13  5.622E+13  7.039E+13  6.732E+13  4.807E+13  2.192E+13  2.801E+12  6.926E+08  0.000E+00  0.000E+00  0.000E+00  0.000E+00  0.000E+00  0.000E+00
  392.5000  0.000E+00  0.000E+00  0.000E+00  0.000E+00  0.000E+00  0.000E+00  0.000E+00  0.000E+00  2.752E+10  6.010E+12  2.317E+13  4.246E+13  5.316E+13  5.084E+13  3.630E+13  1.652E+13  2.107E+12  5.220E+08  0.000E+00  0.000E+00  0.000E+00  0.000E+00  0.000E+00  0.000E+00
  393.5000  0.000E+00  0.000E+00  0.000E+00  0.000E+00  0.000E+00  0.000E+00  0.000E+00  0.000E+00  1.184E+10  2.624E+12  1.013E+13  1.859E+13  2.327E+13  2.226E+13  1.589E+13  7.217E+12  9.191E+11  2.276E+08  0.000E+00  0.000E+00  0.000E+00  0.000E+00  0.000E+00  0.000E+00
  394.5000  0.000E+00  0.000E+00  0.000E+00  0.000E+00  0.000E+00  0.000E+00  0.000E+00  0.000E+00  2.802E+10  6.200E+12  2.398E+13  4.405E+13  5.515E+13  5.275E+13  3.764E+13  1.707E+13  2.172E+12  5.392E+08  0.000E+00  0.000E+00  0.000E+00  0.000E+00  0.000E+00  0.000E+00
  395.5000  0.000E+00  0.000E+00  0.000E+00  0.000E+00  0.000E+00  0.000E+00  0.000E+00  0.000E+00  3.579E+10  8.010E+12  3.104E+13  5.708E+13  7.146E+13  6.835E+13  4.877E+13  2.207E+13  2.803E+12  6.955E+08  0.000E+00  0.000E+00  0.000E+00  0.000E+00  0.000E+00  0.000E+00
  396.5000  0.000E+00  0.000E+00  0.000E+00  0.000E+00  0.000E+00  0.000E+00  0.000E+00  0.000E+00  2.097E+10  4.723E+12  1.833E+13  3.375E+13  4.226E+13  4.042E+13  2.884E+13  1.302E+13  1.652E+12  4.100E+08  0.000E+00  0.000E+00  0.000E+00  0.000E+00  0.000E+00  0.000E+00
  397.5000  0.000E+00  0.000E+00  0.000E+00  0.000E+00  0.000E+00  0.000E+00  0.000E+00  0.000E+00  2.424E+10  5.474E+12  2.128E+13  3.923E+13  4.911E+13  4.698E+13  3.351E+13  1.510E+13  1.913E+12  4.753E+08  0.000E+00  0.000E+00  0.000E+00  0.000E+00  0.000E+00  0.000E+00
  398.5000  0.000E+00  0.000E+00  0.000E+00  0.000E+00  0.000E+00  0.000E+00  0.000E+00  0.000E+00  4.170E+10  9.446E+12  3.679E+13  6.788E+13  8.498E+13  8.129E+13  5.798E+13  2.609E+13  3.300E+12  8.207E+08  0.000E+00  0.000E+00  0.000E+00  0.000E+00  0.000E+00  0.000E+00
  399.5000  0.000E+00  0.000E+00  0.000E+00  0.000E+00  0.000E+00  0.000E+00  0.000E+00  0.000E+00  4.336E+10  9.866E+12  3.849E+13  7.111E+13  8.901E+13  8.515E+13  6.072E+13  2.727E+13  3.444E+12  8.568E+08  0.000E+00  0.000E+00  0.000E+00  0.000E+00  0.000E+00  0.000E+00
  400.5000  0.000E+00  0.000E+00  0.000E+00  0.000E+00  0.000E+00  0.000E+00  0.000E+00  0.000E+00  4.561E+10  1.042E+13  4.071E+13  7.529E+13  9.424E+13  9.016E+13  6.429E+13  2.881E+13  3.635E+12  9.065E+08  0.000E+00  0.000E+00  0.000E+00  0.000E+00  0.000E+00  0.000E+00
  401.5000  0.000E+00  0.000E+00  0.000E+00  0.000E+00  0.000E+00  0.000E+00  0.000E+00  0.000E+00  4.692E+10  1.076E+13  4.214E+13  7.800E+13  9.763E+13  9.341E+13  6.660E+13  2.979E+13  3.752E+12  9.351E+08  0.000E+00  0.000E+00  0.000E+00  0.000E+00  0.000E+00  0.000E+00
  402.5000  0.000E+00  0.000E+00  0.000E+00  0.000E+00  0.000E+00  0.000E+00  0.000E+00  0.000E+00  4.826E+10  1.121E+13  4.401E+13  8.155E+13  1.021E+14  9.765E+13  6.962E+13  3.108E+13  3.908E+12  9.740E+08  0.000E+00  0.000E+00  0.000E+00  0.000E+00  0.000E+00  0.000E+00
  403.5000  0.000E+00  0.000E+00  0.000E+00  0.000E+00  0.000E+00  0.000E+00  0.000E+00  0.000E+00  4.499E+10  1.031E+13  4.053E+13  7.517E+13  9.408E+13  9.001E+13  6.417E+13  2.860E+13  3.591E+12  8.976E+08  0.000E+00  0.000E+00  0.000E+00  0.000E+00  0.000E+00  0.000E+00
  404.5000  0.000E+00  0.000E+00  0.000E+00  0.000E+00  0.000E+00  0.000E+00  0.000E+00  0.000E+00  4.360E+10  1.015E+13  3.999E+13  7.425E+13  9.292E+13  8.890E+13  6.338E+13  2.819E+13  3.535E+12  8.826E+08  0.000E+00  0.000E+00  0.000E+00  0.000E+00  0.000E+00  0.000E+00
  405.5000  0.000E+00  0.000E+00  0.000E+00  0.000E+00  0.000E+00  0.000E+00  0.000E+00  0.000E+00  4.541E+10  1.059E+13  4.180E+13  7.768E+13  9.720E+13  9.300E+13  6.630E+13  2.944E+13  3.687E+12  9.218E+08  0.000E+00  0.000E+00  0.000E+00  0.000E+00  0.000E+00  0.000E+00
  406.5000  0.000E+00  0.000E+00  0.000E+00  0.000E+00  0.000E+00  0.000E+00  0.000E+00  0.000E+00  4.255E+10  1.002E+13  3.961E+13  7.368E+13  9.219E+13  8.821E+13  6.288E+13  2.787E+13  3.485E+12  8.709E+08  0.000E+00  0.000E+00  0.000E+00  0.000E+00  0.000E+00  0.000E+00
  407.5000  0.000E+00  0.000E+00  0.000E+00  0.000E+00  0.000E+00  0.000E+00  0.000E+00  0.000E+00  4.297E+10  1.014E+13  4.017E+13  7.480E+13  9.358E+13  8.954E+13  6.383E+13  2.824E+13  3.524E+12  8.816E+08  0.000E+00  0.000E+00  0.000E+00  0.000E+00  0.000E+00  0.000E+00
  408.5000  0.000E+00  0.000E+00  0.000E+00  0.000E+00  0.000E+00  0.000E+00  0.000E+00  0.000E+00  4.823E+10  1.134E+13  4.501E+13  8.389E+13  1.049E+14  1.004E+14  7.158E+13  3.161E+13  3.937E+12  9.861E+08  0.000E+00  0.000E+00  0.000E+00  0.000E+00  0.000E+00  0.000E+00
  409.5000  0.000E+00  0.000E+00  0.000E+00  0.000E+00  0.000E+00  0.000E+00  0.000E+00  0.000E+00  4.722E+10  1.116E+13  4.439E+13  8.281E+13  1.036E+14  9.912E+13  7.066E+13  3.114E+13  3.873E+12  9.707E+08  0.000E+00  0.000E+00  0.000E+00  0.000E+00  0.000E+00  0.000E+00
  410.5000  0.000E+00  0.000E+00  0.000E+00  0.000E+00  0.000E+00  0.000E+00  0.000E+00  0.000E+00  4.104E+10  9.715E+12  3.874E+13  7.232E+13  9.044E+13  8.655E+13  6.171E+13  2.715E+13  3.371E+12  8.452E+08  0.000E+00  0.000E+00  0.000E+00  0.000E+00  0.000E+00  0.000E+00
  411.5000  0.000E+00  0.000E+00  0.000E+00  0.000E+00  0.000E+00  0.000E+00  0.000E+00  0.000E+00  4.910E+10  1.173E+13  4.685E+13  8.754E+13  1.095E+14  1.048E+14  7.469E+13  3.280E+13  4.067E+12  1.020E+09  0.000E+00  0.000E+00  0.000E+00  0.000E+00  0.000E+00  0.000E+00
  412.5000  0.000E+00  0.000E+00  0.000E+00  0.000E+00  0.000E+00  0.000E+00  0.000E+00  0.000E+00  4.871E+10  1.167E+13  4.673E+13  8.738E+13  1.092E+14  1.046E+14  7.455E+13  3.268E+13  4.047E+12  1.016E+09  0.000E+00  0.000E+00  0.000E+00  0.000E+00  0.000E+00  0.000E+00
  413.5000  0.000E+00  0.000E+00  0.000E+00  0.000E+00  0.000E+00  0.000E+00  0.000E+00  0.000E+00  4.689E+10  1.137E+13  4.561E+13  8.535E+13  1.067E+14  1.021E+14  7.281E+13  3.187E+13  3.940E+12  9.884E+08  0.000E+00  0.000E+00  0.000E+00  0.000E+00  0.000E+00  0.000E+00
  414.5000  0.000E+00  0.000E+00  0.000E+00  0.000E+00  0.000E+00  0.000E+00  0.000E+00  0.000E+00  4.877E+10  1.173E+13  4.717E+13  8.833E+13  1.104E+14  1.057E+14  7.536E+13  3.293E+13  4.065E+12  1.022E+09  0.000E+00  0.000E+00  0.000E+00  0.000E+00  0.000E+00  0.000E+00
  415.5000  0.000E+00  0.000E+00  0.000E+00  0.000E+00  0.000E+00  0.000E+00  0.000E+00  0.000E+00  4.606E+10  1.127E+13  4.539E+13  8.507E+13  1.063E+14  1.018E+14  7.258E+13  3.165E+13  3.899E+12  9.792E+08  0.000E+00  0.000E+00  0.000E+00  0.000E+00  0.000E+00  0.000E+00
  416.5000  0.000E+00  0.000E+00  0.000E+00  0.000E+00  0.000E+00  0.000E+00  0.000E+00  0.000E+00  4.987E+10  1.231E+13  4.970E+13  9.323E+13  1.165E+14  1.115E+14  7.953E+13  3.462E+13  4.258E+12  1.070E+09  0.000E+00  0.000E+00  0.000E+00  0.000E+00  0.000E+00  0.000E+00
  417.5000  0.000E+00  0.000E+00  0.000E+00  0.000E+00  0.000E+00  0.000E+00  0.000E+00  0.000E+00  4.594E+10  1.130E+13  4.572E+13  8.582E+13  1.072E+14  1.026E+14  7.321E+13  3.182E+13  3.906E+12  9.823E+08  0.000E+00  0.000E+00  0.000E+00  0.000E+00  0.000E+00  0.000E+00
  418.5000  0.000E+00  0.000E+00  0.000E+00  0.000E+00  0.000E+00  0.000E+00  0.000E+00  0.000E+00  4.596E+10  1.143E+13  4.637E+13  8.709E+13  1.088E+14  1.041E+14  7.430E+13  3.224E+13  3.951E+12  9.931E+08  0.000E+00  0.000E+00  0.000E+00  0.000E+00  0.000E+00  0.000E+00
  419.5000  0.000E+00  0.000E+00  0.000E+00  0.000E+00  0.000E+00  0.000E+00  0.000E+00  0.000E+00  4.749E+10  1.186E+13  4.821E+13  9.060E+13  1.131E+14  1.083E+14  7.729E+13  3.348E+13  4.097E+12  1.030E+09  0.000E+00  0.000E+00  0.000E+00  0.000E+00  0.000E+00  0.000E+00
------------------------------------------------------------
Photolysis rate coefficients, s-1
   1 = O3 -> O2 + O(1D)                                  
   2 = NO2 -> NO + O(3P)                                 
   3 = HNO2 -> OH + NO                                   
   4 = HNO3 -> OH + NO2                                  
   5 = ClNO2 -> Cl + NO2                                 
values at z =      0.263 km
Columns: time, sza, photo-reactions
time, hrs.  sza, deg.          1          2          3          4          5
    0.0000    146.355  0.000E+00  0.000E+00  0.000E+00  0.000E+00  0.000E+00
    1.0000    145.697  0.000E+00  0.000E+00  0.000E+00  0.000E+00  0.000E+00
    2.0000    141.701  0.000E+00  0.000E+00  0.000E+00  0.000E+00  0.000E+00
    3.0000    135.353  0.000E+00  0.000E+00  0.000E+00  0.000E+00  0.000E+00
    4.0000    127.665  0.000E+00  0.000E+00  0.000E+00  0.000E+00  0.000E+00
    5.0000    119.367  0.000E+00  0.000E+00  0.000E+00  0.000E+00  0.000E+00
    6.0000    110.960  0.000E+00  0.000E+00  0.000E+00  0.000E+00  0.000E+00
    7.0000    102.829  0.000E+00  0.000E+00  0.000E+00  0.000E+00  0.000E+00
    8.0000     95.314  4.013E-10  1.061E-06  1.760E-07  1.599E-11  4.024E-08
    9.0000     88.752  5.393E-08  2.178E-04  3.411E-05  2.563E-09  7.491E-06
   10.0000     83.493  2.513E-07  8.346E-04  1.291E-04  1.227E-08  2.997E-05
   11.0000     79.875  5.472E-07  1.505E-03  2.286E-04  2.498E-08  5.411E-05
   12.0000     78.173  7.572E-07  1.880E-03  2.850E-04  3.310E-08  6.801E-05
   13.0000     78.532  7.082E-07  1.798E-03  2.727E-04  3.126E-08  6.495E-05
   14.0000     80.921  4.428E-07  1.291E-03  1.968E-04  2.070E-08  4.635E-05
   15.0000     85.143  1.666E-07  5.993E-04  9.349E-05  8.245E-09  2.141E-05
   16.0000     90.891  2.093E-08  7.688E-05  1.213E-05  9.067E-10  2.636E-06
   17.0000     97.819  1.069E-11  1.882E-08  2.926E-09  3.348E-13  6.708E-10
   18.0000    105.582  0.000E+00  0.000E+00  0.000E+00  0.000E+00  0.000E+00
   19.0000    113.842  0.000E+00  0.000E+00  0.000E+00  0.000E+00  0.000E+00
   20.0000    122.249  0.000E+00  0.000E+00  0.000E+00  0.000E+00  0.000E+00
   21.0000    130.388  0.000E+00  0.000E+00  0.000E+00  0.000E+00  0.000E+00
   22.0000    137.689  0.000E+00  0.000E+00  0.000E+00  0.000E+00  0.000E+00
   23.0000    143.319  0.000E+00  0.000E+00  0.000E+00  0.000E+00  0.000E+00
------------------------------------------------------------
