Spectral actinic flux, quanta cm-2 s-1 nm-1
values at z =      0.263 km
Columns: wavelength (nm), times (hrs.) or sza (deg.)
    wc, nm      0.000      1.000      2.000      3.000      4.000      5.000      6.000      7.000      8.000      9.000     10.000     11.000     12.000     13.000     14.000     15.000     16.000     17.000     18.000     19.000     20.000     21.000     22.000     23.000
    sza =     146.214    145.583    141.616    135.289    127.613    119.319    110.911    102.774     95.248     88.672     83.396     79.760     78.041     78.386     80.765     84.980     90.724     97.651    105.413    113.673    122.080    130.218    137.520    143.155
  290.5000  0.000E+00  0.000E+00  0.000E+00  0.000E+00  0.000E+00  0.000E+00  0.000E+00  0.000E+00  0.000E+00  0.000E+00  0.000E+00  0.000E+00  0.000E+00  0.000E+00  0.000E+00  0.000E+00  0.000E+00  0.000E+00  0.000E+00  0.000E+00  0.000E+00  0.000E+00  0.000E+00  0.000E+00
  291.5000  0.000E+00  0.000E+00  0.000E+00  0.000E+00  0.000E+00  0.000E+00  0.000E+00  0.000E+00  0.000E+00  0.000E+00  0.000E+00  0.000E+00  0.000E+00  0.000E+00  0.000E+00  0.000E+00  0.000E+00  0.000E+00  0.000E+00  0.000E+00  0.000E+00  0.000E+00  0.000E+00  0.000E+00
  292.5000  0.000E+00  0.000E+00  0.000E+00  0.000E+00  0.000E+00  0.000E+00  0.000E+00  0.000E+00  1.179E+03  1.223E+05  2.548E+05  3.520E+05  4.030E+05  3.924E+05  3.239E+05  2.150E+05  6.762E+04  4.856E+01  0.000E+00  0.000E+00  0.000E+00  0.000E+00  0.000E+00  0.000E+00
  293.5000  0.000E+00  0.000E+00  0.000E+00  0.000E+00  0.000E+00  0.000E+00  0.000E+00  0.000E+00  5.525E+03  5.608E+05  1.179E+06  1.643E+06  1.889E+06  1.838E+06  1.508E+06  9.917E+05  3.102E+05  2.335E+02  0.000E+00  0.000E+00  0.000E+00  0.000E+00  0.000E+00  0.000E+00
  294.5000  0.000E+00  0.000E+00  0.000E+00  0.000E+00  0.000E+00  0.000E+00  0.000E+00  0.000E+00  1.565E+04  1.559E+06  3.308E+06  4.648E+06  5.369E+06  5.219E+06  4.256E+06  2.774E+06  8.617E+05  6.746E+02  0.000E+00  0.000E+00  0.000E+00  0.000E+00  0.000E+00  0.000E+00
  295.5000  0.000E+00  0.000E+00  0.000E+00  0.000E+00  0.000E+00  0.000E+00  0.000E+00  0.000E+00  6.135E+04  5.993E+06  1.289E+07  1.833E+07  2.130E+07  2.068E+07  1.673E+07  1.076E+07  3.309E+06  2.688E+03  0.000E+00  0.000E+00  0.000E+00  0.000E+00  0.000E+00  0.000E+00
  296.5000  0.000E+00  0.000E+00  0.000E+00  0.000E+00  0.000E+00  0.000E+00  0.000E+00  0.000E+00  1.593E+05  1.528E+07  3.337E+07  4.805E+07  5.622E+07  5.450E+07  4.369E+07  2.771E+07  8.479E+06  7.055E+03  0.000E+00  0.000E+00  0.000E+00  0.000E+00  0.000E+00  0.000E+00
  297.5000  0.000E+00  0.000E+00  0.000E+00  0.000E+00  0.000E+00  0.000E+00  0.000E+00  0.000E+00  4.423E+05  4.176E+07  9.279E+07  1.356E+08  1.598E+08  1.547E+08  1.228E+08  7.662E+07  2.293E+07  1.972E+04  0.000E+00  0.000E+00  0.000E+00  0.000E+00  0.000E+00  0.000E+00
  298.5000  0.000E+00  0.000E+00  0.000E+00  0.000E+00  0.000E+00  0.000E+00  0.000E+00  0.000E+00  7.378E+05  6.873E+07  1.556E+08  2.310E+08  2.745E+08  2.652E+08  2.082E+08  1.277E+08  3.759E+07  3.297E+04  0.000E+00  0.000E+00  0.000E+00  0.000E+00  0.000E+00  0.000E+00
  299.5000  0.000E+00  0.000E+00  0.000E+00  0.000E+00  0.000E+00  0.000E+00  0.000E+00  0.000E+00  2.304E+06  2.120E+08  4.914E+08  7.434E+08  8.926E+08  8.606E+08  6.664E+08  4.001E+08  1.151E+08  1.027E+05  0.000E+00  0.000E+00  0.000E+00  0.000E+00  0.000E+00  0.000E+00
  300.5000  0.000E+00  0.000E+00  0.000E+00  0.000E+00  0.000E+00  0.000E+00  0.000E+00  0.000E+00  2.857E+06  2.604E+08  6.179E+08  9.523E+08  1.156E+09  1.112E+09  8.490E+08  4.993E+08  1.407E+08  1.268E+05  0.000E+00  0.000E+00  0.000E+00  0.000E+00  0.000E+00  0.000E+00
  301.5000  0.000E+00  0.000E+00  0.000E+00  0.000E+00  0.000E+00  0.000E+00  0.000E+00  0.000E+00  7.843E+06  7.089E+08  1.738E+09  2.753E+09  3.405E+09  3.261E+09  2.434E+09  1.390E+09  3.797E+08  3.442E+05  0.000E+00  0.000E+00  0.000E+00  0.000E+00  0.000E+00  0.000E+00
  302.5000  0.000E+00  0.000E+00  0.000E+00  0.000E+00  0.000E+00  0.000E+00  0.000E+00  0.000E+00  1.230E+07  1.112E+09  2.789E+09  4.524E+09  5.704E+09  5.438E+09  3.968E+09  2.211E+09  5.880E+08  5.346E+05  0.000E+00  0.000E+00  0.000E+00  0.000E+00  0.000E+00  0.000E+00
  303.5000  0.000E+00  0.000E+00  0.000E+00  0.000E+00  0.000E+00  0.000E+00  0.000E+00  0.000E+00  2.811E+07  2.523E+09  6.630E+09  1.122E+10  1.465E+10  1.385E+10  9.692E+09  5.188E+09  1.325E+09  1.199E+06  0.000E+00  0.000E+00  0.000E+00  0.000E+00  0.000E+00  0.000E+00
  304.5000  0.000E+00  0.000E+00  0.000E+00  0.000E+00  0.000E+00  0.000E+00  0.000E+00  0.000E+00  3.695E+07  3.313E+09  8.971E+09  1.572E+10  2.113E+10  1.985E+10  1.341E+10  6.953E+09  1.724E+09  1.556E+06  0.000E+00  0.000E+00  0.000E+00  0.000E+00  0.000E+00  0.000E+00
  305.5000  0.000E+00  0.000E+00  0.000E+00  0.000E+00  0.000E+00  0.000E+00  0.000E+00  0.000E+00  6.550E+07  5.900E+09  1.696E+10  3.212E+10  4.557E+10  4.234E+10  2.665E+10  1.288E+10  3.018E+09  2.676E+06  0.000E+00  0.000E+00  0.000E+00  0.000E+00  0.000E+00  0.000E+00
  306.5000  0.000E+00  0.000E+00  0.000E+00  0.000E+00  0.000E+00  0.000E+00  0.000E+00  0.000E+00  7.856E+07  7.096E+09  2.105E+10  4.169E+10  6.069E+10  5.612E+10  3.408E+10  1.581E+10  3.594E+09  3.169E+06  0.000E+00  0.000E+00  0.000E+00  0.000E+00  0.000E+00  0.000E+00
  307.5000  0.000E+00  0.000E+00  0.000E+00  0.000E+00  0.000E+00  0.000E+00  0.000E+00  0.000E+00  1.505E+08  1.380E+10  4.458E+10  9.852E+10  1.498E+11  1.375E+11  7.801E+10  3.244E+10  6.828E+09  5.843E+06  0.000E+00  0.000E+00  0.000E+00  0.000E+00  0.000E+00  0.000E+00
  308.5000  0.000E+00  0.000E+00  0.000E+00  0.000E+00  0.000E+00  0.000E+00  0.000E+00  0.000E+00  1.905E+08  1.753E+10  5.920E+10  1.370E+11  2.110E+11  1.934E+11  1.072E+11  4.237E+10  8.603E+09  7.282E+06  0.000E+00  0.000E+00  0.000E+00  0.000E+00  0.000E+00  0.000E+00
  309.5000  0.000E+00  0.000E+00  0.000E+00  0.000E+00  0.000E+00  0.000E+00  0.000E+00  0.000E+00  2.097E+08  1.977E+10  7.315E+10  1.833E+11  2.853E+11  2.613E+11  1.412E+11  5.044E+10  9.435E+09  7.726E+06  0.000E+00  0.000E+00  0.000E+00  0.000E+00  0.000E+00  0.000E+00
  310.5000  0.000E+00  0.000E+00  0.000E+00  0.000E+00  0.000E+00  0.000E+00  0.000E+00  0.000E+00  3.415E+08  3.288E+10  1.325E+11  3.476E+11  5.398E+11  4.952E+11  2.663E+11  8.845E+10  1.534E+10  1.217E+07  0.000E+00  0.000E+00  0.000E+00  0.000E+00  0.000E+00  0.000E+00
  311.5000  0.000E+00  0.000E+00  0.000E+00  0.000E+00  0.000E+00  0.000E+00  0.000E+00  0.000E+00  4.979E+08  4.869E+10  2.101E+11  5.641E+11  8.711E+11  8.004E+11  4.317E+11  1.371E+11  2.238E+10  1.736E+07  0.000E+00  0.000E+00  0.000E+00  0.000E+00  0.000E+00  0.000E+00
  312.5000  0.000E+00  0.000E+00  0.000E+00  0.000E+00  0.000E+00  0.000E+00  0.000E+00  0.000E+00  6.226E+08  6.402E+10  3.159E+11  8.572E+11  1.295E+12  1.196E+12  6.607E+11  1.984E+11  2.822E+10  2.049E+07  0.000E+00  0.000E+00  0.000E+00  0.000E+00  0.000E+00  0.000E+00
  313.5000  0.000E+00  0.000E+00  0.000E+00  0.000E+00  0.000E+00  0.000E+00  0.000E+00  0.000E+00  7.574E+08  7.873E+10  4.010E+11  1.086E+12  1.630E+12  1.508E+12  8.390E+11  2.499E+11  3.436E+10  2.458E+07  0.000E+00  0.000E+00  0.000E+00  0.000E+00  0.000E+00  0.000E+00
  314.5000  0.000E+00  0.000E+00  0.000E+00  0.000E+00  0.000E+00  0.000E+00  0.000E+00  0.000E+00  9.746E+08  1.088E+11  6.255E+11  1.634E+12  2.379E+12  2.214E+12  1.283E+12  3.834E+11  4.511E+10  2.954E+07  0.000E+00  0.000E+00  0.000E+00  0.000E+00  0.000E+00  0.000E+00
  315.5000  0.000E+00  0.000E+00  0.000E+00  0.000E+00  0.000E+00  0.000E+00  0.000E+00  0.000E+00  1.066E+09  1.200E+11  6.996E+11  1.813E+12  2.627E+12  2.447E+12  1.428E+12  4.286E+11  4.940E+10  3.188E+07  0.000E+00  0.000E+00  0.000E+00  0.000E+00  0.000E+00  0.000E+00
  316.5000  0.000E+00  0.000E+00  0.000E+00  0.000E+00  0.000E+00  0.000E+00  0.000E+00  0.000E+00  1.351E+09  1.658E+11  1.030E+12  2.520E+12  3.542E+12  3.319E+12  2.020E+12  6.363E+11  6.456E+10  3.754E+07  0.000E+00  0.000E+00  0.000E+00  0.000E+00  0.000E+00  0.000E+00
  317.5000  0.000E+00  0.000E+00  0.000E+00  0.000E+00  0.000E+00  0.000E+00  0.000E+00  0.000E+00  1.930E+09  2.355E+11  1.463E+12  3.584E+12  5.041E+12  4.724E+12  2.872E+12  9.028E+11  9.192E+10  5.374E+07  0.000E+00  0.000E+00  0.000E+00  0.000E+00  0.000E+00  0.000E+00
  318.5000  0.000E+00  0.000E+00  0.000E+00  0.000E+00  0.000E+00  0.000E+00  0.000E+00  0.000E+00  1.986E+09  2.707E+11  1.695E+12  3.861E+12  5.263E+12  4.961E+12  3.155E+12  1.072E+12  9.915E+10  5.059E+07  0.000E+00  0.000E+00  0.000E+00  0.000E+00  0.000E+00  0.000E+00
  319.5000  0.000E+00  0.000E+00  0.000E+00  0.000E+00  0.000E+00  0.000E+00  0.000E+00  0.000E+00  2.597E+09  3.600E+11  2.237E+12  5.023E+12  6.808E+12  6.425E+12  4.120E+12  1.424E+12  1.306E+11  6.484E+07  0.000E+00  0.000E+00  0.000E+00  0.000E+00  0.000E+00  0.000E+00
  320.5000  0.000E+00  0.000E+00  0.000E+00  0.000E+00  0.000E+00  0.000E+00  0.000E+00  0.000E+00  3.402E+09  4.866E+11  2.996E+12  6.602E+12  8.886E+12  8.397E+12  5.442E+12  1.923E+12  1.738E+11  8.328E+07  0.000E+00  0.000E+00  0.000E+00  0.000E+00  0.000E+00  0.000E+00
  321.5000  0.000E+00  0.000E+00  0.000E+00  0.000E+00  0.000E+00  0.000E+00  0.000E+00  0.000E+00  4.168E+09  6.737E+11  3.732E+12  7.534E+12  9.818E+12  9.334E+12  6.345E+12  2.504E+12  2.302E+11  8.982E+07  0.000E+00  0.000E+00  0.000E+00  0.000E+00  0.000E+00  0.000E+00
  322.5000  0.000E+00  0.000E+00  0.000E+00  0.000E+00  0.000E+00  0.000E+00  0.000E+00  0.000E+00  3.157E+09  4.614E+11  2.808E+12  6.091E+12  8.150E+12  7.710E+12  5.040E+12  1.816E+12  1.629E+11  7.593E+07  0.000E+00  0.000E+00  0.000E+00  0.000E+00  0.000E+00  0.000E+00
  323.5000  0.000E+00  0.000E+00  0.000E+00  0.000E+00  0.000E+00  0.000E+00  0.000E+00  0.000E+00  5.299E+09  9.016E+11  4.641E+12  8.998E+12  1.156E+13  1.102E+13  7.650E+12  3.187E+12  3.061E+11  1.079E+08  0.000E+00  0.000E+00  0.000E+00  0.000E+00  0.000E+00  0.000E+00
  324.5000  0.000E+00  0.000E+00  0.000E+00  0.000E+00  0.000E+00  0.000E+00  0.000E+00  0.000E+00  6.152E+09  1.033E+12  5.369E+12  1.047E+13  1.349E+13  1.285E+13  8.890E+12  3.676E+12  3.513E+11  1.263E+08  0.000E+00  0.000E+00  0.000E+00  0.000E+00  0.000E+00  0.000E+00
  325.5000  0.000E+00  0.000E+00  0.000E+00  0.000E+00  0.000E+00  0.000E+00  0.000E+00  0.000E+00  6.374E+09  1.057E+12  5.678E+12  1.127E+13  1.460E+13  1.390E+13  9.525E+12  3.851E+12  3.587E+11  1.353E+08  0.000E+00  0.000E+00  0.000E+00  0.000E+00  0.000E+00  0.000E+00
  326.5000  0.000E+00  0.000E+00  0.000E+00  0.000E+00  0.000E+00  0.000E+00  0.000E+00  0.000E+00  1.221E+10  2.140E+12  9.571E+12  1.747E+13  2.200E+13  2.105E+13  1.506E+13  6.820E+12  7.462E+11  2.258E+08  0.000E+00  0.000E+00  0.000E+00  0.000E+00  0.000E+00  0.000E+00
  327.5000  0.000E+00  0.000E+00  0.000E+00  0.000E+00  0.000E+00  0.000E+00  0.000E+00  0.000E+00  9.710E+09  1.680E+12  8.046E+12  1.513E+13  1.924E+13  1.838E+13  1.295E+13  5.634E+12  5.761E+11  1.889E+08  0.000E+00  0.000E+00  0.000E+00  0.000E+00  0.000E+00  0.000E+00
  328.5000  0.000E+00  0.000E+00  0.000E+00  0.000E+00  0.000E+00  0.000E+00  0.000E+00  0.000E+00  8.926E+09  1.561E+12  7.491E+12  1.409E+13  1.792E+13  1.712E+13  1.206E+13  5.245E+12  5.334E+11  1.751E+08  0.000E+00  0.000E+00  0.000E+00  0.000E+00  0.000E+00  0.000E+00
  329.5000  0.000E+00  0.000E+00  0.000E+00  0.000E+00  0.000E+00  0.000E+00  0.000E+00  0.000E+00  1.780E+10  3.077E+12  1.248E+13  2.200E+13  2.739E+13  2.626E+13  1.911E+13  9.097E+12  1.114E+12  3.125E+08  0.000E+00  0.000E+00  0.000E+00  0.000E+00  0.000E+00  0.000E+00
  330.5000  0.000E+00  0.000E+00  0.000E+00  0.000E+00  0.000E+00  0.000E+00  0.000E+00  0.000E+00  1.340E+10  2.350E+12  1.028E+13  1.866E+13  2.347E+13  2.246E+13  1.610E+13  7.364E+12  8.245E+11  2.477E+08  0.000E+00  0.000E+00  0.000E+00  0.000E+00  0.000E+00  0.000E+00
  331.5000  0.000E+00  0.000E+00  0.000E+00  0.000E+00  0.000E+00  0.000E+00  0.000E+00  0.000E+00  1.273E+10  2.247E+12  9.999E+12  1.827E+13  2.303E+13  2.203E+13  1.574E+13  7.134E+12  7.827E+11  2.392E+08  0.000E+00  0.000E+00  0.000E+00  0.000E+00  0.000E+00  0.000E+00
  332.5000  0.000E+00  0.000E+00  0.000E+00  0.000E+00  0.000E+00  0.000E+00  0.000E+00  0.000E+00  1.780E+10  3.038E+12  1.184E+13  2.062E+13  2.559E+13  2.455E+13  1.796E+13  8.705E+12  1.120E+12  3.087E+08  0.000E+00  0.000E+00  0.000E+00  0.000E+00  0.000E+00  0.000E+00
  333.5000  0.000E+00  0.000E+00  0.000E+00  0.000E+00  0.000E+00  0.000E+00  0.000E+00  0.000E+00  1.428E+10  2.498E+12  1.035E+13  1.843E+13  2.304E+13  2.208E+13  1.597E+13  7.505E+12  8.943E+11  2.580E+08  0.000E+00  0.000E+00  0.000E+00  0.000E+00  0.000E+00  0.000E+00
  334.5000  0.000E+00  0.000E+00  0.000E+00  0.000E+00  0.000E+00  0.000E+00  0.000E+00  0.000E+00  1.726E+10  3.007E+12  1.209E+13  2.133E+13  2.658E+13  2.548E+13  1.852E+13  8.827E+12  1.090E+12  3.078E+08  0.000E+00  0.000E+00  0.000E+00  0.000E+00  0.000E+00  0.000E+00
  335.5000  0.000E+00  0.000E+00  0.000E+00  0.000E+00  0.000E+00  0.000E+00  0.000E+00  0.000E+00  2.125E+10  3.577E+12  1.343E+13  2.315E+13  2.864E+13  2.750E+13  2.020E+13  9.949E+12  1.344E+12  3.654E+08  0.000E+00  0.000E+00  0.000E+00  0.000E+00  0.000E+00  0.000E+00
  336.5000  0.000E+00  0.000E+00  0.000E+00  0.000E+00  0.000E+00  0.000E+00  0.000E+00  0.000E+00  1.569E+10  2.681E+12  1.029E+13  1.788E+13  2.218E+13  2.128E+13  1.557E+13  7.586E+12  9.950E+11  2.742E+08  0.000E+00  0.000E+00  0.000E+00  0.000E+00  0.000E+00  0.000E+00
  337.5000  0.000E+00  0.000E+00  0.000E+00  0.000E+00  0.000E+00  0.000E+00  0.000E+00  0.000E+00  1.509E+10  2.649E+12  1.068E+13  1.890E+13  2.359E+13  2.261E+13  1.640E+13  7.792E+12  9.576E+11  2.730E+08  0.000E+00  0.000E+00  0.000E+00  0.000E+00  0.000E+00  0.000E+00
  338.5000  0.000E+00  0.000E+00  0.000E+00  0.000E+00  0.000E+00  0.000E+00  0.000E+00  0.000E+00  1.952E+10  3.312E+12  1.241E+13  2.144E+13  2.655E+13  2.548E+13  1.870E+13  9.196E+12  1.244E+12  3.397E+08  0.000E+00  0.000E+00  0.000E+00  0.000E+00  0.000E+00  0.000E+00
  339.5000  0.000E+00  0.000E+00  0.000E+00  0.000E+00  0.000E+00  0.000E+00  0.000E+00  0.000E+00  2.185E+10  3.698E+12  1.372E+13  2.366E+13  2.928E+13  2.810E+13  2.064E+13  1.019E+13  1.396E+12  3.799E+08  0.000E+00  0.000E+00  0.000E+00  0.000E+00  0.000E+00  0.000E+00
  340.5000  0.000E+00  0.000E+00  0.000E+00  0.000E+00  0.000E+00  0.000E+00  0.000E+00  0.000E+00  2.164E+10  3.735E+12  1.427E+13  2.485E+13  3.086E+13  2.961E+13  2.163E+13  1.053E+13  1.387E+12  3.838E+08  0.000E+00  0.000E+00  0.000E+00  0.000E+00  0.000E+00  0.000E+00
  341.5000  0.000E+00  0.000E+00  0.000E+00  0.000E+00  0.000E+00  0.000E+00  0.000E+00  0.000E+00  2.153E+10  3.632E+12  1.334E+13  2.296E+13  2.841E+13  2.728E+13  2.004E+13  9.926E+12  1.379E+12  3.751E+08  0.000E+00  0.000E+00  0.000E+00  0.000E+00  0.000E+00  0.000E+00
  342.5000  0.000E+00  0.000E+00  0.000E+00  0.000E+00  0.000E+00  0.000E+00  0.000E+00  0.000E+00  2.437E+10  4.107E+12  1.498E+13  2.576E+13  3.186E+13  3.058E+13  2.248E+13  1.116E+13  1.564E+12  4.248E+08  0.000E+00  0.000E+00  0.000E+00  0.000E+00  0.000E+00  0.000E+00
  343.5000  0.000E+00  0.000E+00  0.000E+00  0.000E+00  0.000E+00  0.000E+00  0.000E+00  0.000E+00  2.434E+10  4.159E+12  1.540E+13  2.662E+13  3.299E+13  3.166E+13  2.320E+13  1.143E+13  1.570E+12  4.295E+08  0.000E+00  0.000E+00  0.000E+00  0.000E+00  0.000E+00  0.000E+00
  344.5000  0.000E+00  0.000E+00  0.000E+00  0.000E+00  0.000E+00  0.000E+00  0.000E+00  0.000E+00  1.636E+10  2.833E+12  1.066E+13  1.854E+13  2.302E+13  2.209E+13  1.614E+13  7.886E+12  1.059E+12  2.925E+08  0.000E+00  0.000E+00  0.000E+00  0.000E+00  0.000E+00  0.000E+00
  345.5000  0.000E+00  0.000E+00  0.000E+00  0.000E+00  0.000E+00  0.000E+00  0.000E+00  0.000E+00  2.516E+10  4.244E+12  1.536E+13  2.640E+13  3.267E+13  3.136E+13  2.304E+13  1.145E+13  1.624E+12  4.417E+08  0.000E+00  0.000E+00  0.000E+00  0.000E+00  0.000E+00  0.000E+00
  346.5000  0.000E+00  0.000E+00  0.000E+00  0.000E+00  0.000E+00  0.000E+00  0.000E+00  0.000E+00  2.197E+10  3.787E+12  1.405E+13  2.438E+13  3.025E+13  2.903E+13  2.123E+13  1.042E+13  1.427E+12  3.927E+08  0.000E+00  0.000E+00  0.000E+00  0.000E+00  0.000E+00  0.000E+00
  347.5000  0.000E+00  0.000E+00  0.000E+00  0.000E+00  0.000E+00  0.000E+00  0.000E+00  0.000E+00  2.165E+10  3.740E+12  1.385E+13  2.403E+13  2.982E+13  2.861E+13  2.092E+13  1.027E+13  1.410E+12  3.882E+08  0.000E+00  0.000E+00  0.000E+00  0.000E+00  0.000E+00  0.000E+00
  348.5000  0.000E+00  0.000E+00  0.000E+00  0.000E+00  0.000E+00  0.000E+00  0.000E+00  0.000E+00  2.442E+10  4.207E+12  1.545E+13  2.677E+13  3.321E+13  3.186E+13  2.332E+13  1.148E+13  1.593E+12  4.377E+08  0.000E+00  0.000E+00  0.000E+00  0.000E+00  0.000E+00  0.000E+00
  349.5000  0.000E+00  0.000E+00  0.000E+00  0.000E+00  0.000E+00  0.000E+00  0.000E+00  0.000E+00  2.041E+10  3.532E+12  1.300E+13  2.256E+13  2.800E+13  2.686E+13  1.964E+13  9.653E+12  1.336E+12  3.676E+08  0.000E+00  0.000E+00  0.000E+00  0.000E+00  0.000E+00  0.000E+00
  350.5000  0.000E+00  0.000E+00  0.000E+00  0.000E+00  0.000E+00  0.000E+00  0.000E+00  0.000E+00  2.876E+10  4.990E+12  1.834E+13  3.184E+13  3.953E+13  3.792E+13  2.772E+13  1.362E+13  1.888E+12  5.198E+08  0.000E+00  0.000E+00  0.000E+00  0.000E+00  0.000E+00  0.000E+00
  351.5000  0.000E+00  0.000E+00  0.000E+00  0.000E+00  0.000E+00  0.000E+00  0.000E+00  0.000E+00  2.456E+10  4.289E+12  1.583E+13  2.755E+13  3.422E+13  3.283E+13  2.397E+13  1.174E+13  1.618E+12  4.468E+08  0.000E+00  0.000E+00  0.000E+00  0.000E+00  0.000E+00  0.000E+00
  352.5000  0.000E+00  0.000E+00  0.000E+00  0.000E+00  0.000E+00  0.000E+00  0.000E+00  0.000E+00  2.234E+10  3.910E+12  1.440E+13  2.506E+13  3.114E+13  2.988E+13  2.180E+13  1.068E+13  1.477E+12  4.076E+08  0.000E+00  0.000E+00  0.000E+00  0.000E+00  0.000E+00  0.000E+00
  353.5000  0.000E+00  0.000E+00  0.000E+00  0.000E+00  0.000E+00  0.000E+00  0.000E+00  0.000E+00  2.727E+10  4.773E+12  1.751E+13  3.048E+13  3.787E+13  3.633E+13  2.651E+13  1.300E+13  1.807E+12  4.984E+08  0.000E+00  0.000E+00  0.000E+00  0.000E+00  0.000E+00  0.000E+00
  354.5000  0.000E+00  0.000E+00  0.000E+00  0.000E+00  0.000E+00  0.000E+00  0.000E+00  0.000E+00  2.985E+10  5.230E+12  1.913E+13  3.330E+13  4.137E+13  3.969E+13  2.897E+13  1.421E+13  1.983E+12  5.467E+08  0.000E+00  0.000E+00  0.000E+00  0.000E+00  0.000E+00  0.000E+00
  355.5000  0.000E+00  0.000E+00  0.000E+00  0.000E+00  0.000E+00  0.000E+00  0.000E+00  0.000E+00  2.793E+10  4.914E+12  1.798E+13  3.134E+13  3.895E+13  3.736E+13  2.725E+13  1.335E+13  1.862E+12  5.139E+08  0.000E+00  0.000E+00  0.000E+00  0.000E+00  0.000E+00  0.000E+00
  356.5000  0.000E+00  0.000E+00  0.000E+00  0.000E+00  0.000E+00  0.000E+00  0.000E+00  0.000E+00  2.592E+10  4.577E+12  1.677E+13  2.927E+13  3.639E+13  3.490E+13  2.544E+13  1.244E+13  1.734E+12  4.789E+08  0.000E+00  0.000E+00  0.000E+00  0.000E+00  0.000E+00  0.000E+00
  357.5000  0.000E+00  0.000E+00  0.000E+00  0.000E+00  0.000E+00  0.000E+00  0.000E+00  0.000E+00  2.199E+10  3.903E+12  1.432E+13  2.504E+13  3.114E+13  2.987E+13  2.176E+13  1.062E+13  1.476E+12  4.082E+08  0.000E+00  0.000E+00  0.000E+00  0.000E+00  0.000E+00  0.000E+00
  358.5000  0.000E+00  0.000E+00  0.000E+00  0.000E+00  0.000E+00  0.000E+00  0.000E+00  0.000E+00  1.708E+10  3.038E+12  1.113E+13  1.948E+13  2.423E+13  2.324E+13  1.692E+13  8.255E+12  1.150E+12  3.180E+08  0.000E+00  0.000E+00  0.000E+00  0.000E+00  0.000E+00  0.000E+00
  359.5000  0.000E+00  0.000E+00  0.000E+00  0.000E+00  0.000E+00  0.000E+00  0.000E+00  0.000E+00  2.876E+10  5.135E+12  1.883E+13  3.300E+13  4.107E+13  3.939E+13  2.866E+13  1.396E+13  1.942E+12  5.377E+08  0.000E+00  0.000E+00  0.000E+00  0.000E+00  0.000E+00  0.000E+00
  360.5000  0.000E+00  0.000E+00  0.000E+00  0.000E+00  0.000E+00  0.000E+00  0.000E+00  0.000E+00  2.667E+10  4.783E+12  1.755E+13  3.080E+13  3.834E+13  3.677E+13  2.674E+13  1.301E+13  1.808E+12  5.010E+08  0.000E+00  0.000E+00  0.000E+00  0.000E+00  0.000E+00  0.000E+00
  361.5000  0.000E+00  0.000E+00  0.000E+00  0.000E+00  0.000E+00  0.000E+00  0.000E+00  0.000E+00  2.415E+10  4.343E+12  1.593E+13  2.798E+13  3.484E+13  3.341E+13  2.429E+13  1.180E+13  1.642E+12  4.552E+08  0.000E+00  0.000E+00  0.000E+00  0.000E+00  0.000E+00  0.000E+00
  362.5000  0.000E+00  0.000E+00  0.000E+00  0.000E+00  0.000E+00  0.000E+00  0.000E+00  0.000E+00  2.843E+10  5.131E+12  1.883E+13  3.310E+13  4.122E+13  3.953E+13  2.872E+13  1.394E+13  1.939E+12  5.380E+08  0.000E+00  0.000E+00  0.000E+00  0.000E+00  0.000E+00  0.000E+00
  363.5000  0.000E+00  0.000E+00  0.000E+00  0.000E+00  0.000E+00  0.000E+00  0.000E+00  0.000E+00  2.531E+10  4.587E+12  1.684E+13  2.965E+13  3.693E+13  3.542E+13  2.572E+13  1.247E+13  1.733E+12  4.810E+08  0.000E+00  0.000E+00  0.000E+00  0.000E+00  0.000E+00  0.000E+00
  364.5000  0.000E+00  0.000E+00  0.000E+00  0.000E+00  0.000E+00  0.000E+00  0.000E+00  0.000E+00  2.760E+10  5.022E+12  1.847E+13  3.255E+13  4.057E+13  3.890E+13  2.823E+13  1.366E+13  1.896E+12  5.268E+08  0.000E+00  0.000E+00  0.000E+00  0.000E+00  0.000E+00  0.000E+00
  365.5000  0.000E+00  0.000E+00  0.000E+00  0.000E+00  0.000E+00  0.000E+00  0.000E+00  0.000E+00  3.355E+10  6.139E+12  2.261E+13  3.991E+13  4.976E+13  4.772E+13  3.461E+13  1.671E+13  2.315E+12  6.437E+08  0.000E+00  0.000E+00  0.000E+00  0.000E+00  0.000E+00  0.000E+00
  366.5000  0.000E+00  0.000E+00  0.000E+00  0.000E+00  0.000E+00  0.000E+00  0.000E+00  0.000E+00  3.560E+10  6.534E+12  2.407E+13  4.255E+13  5.306E+13  5.088E+13  3.689E+13  1.779E+13  2.463E+12  6.856E+08  0.000E+00  0.000E+00  0.000E+00  0.000E+00  0.000E+00  0.000E+00
  367.5000  0.000E+00  0.000E+00  0.000E+00  0.000E+00  0.000E+00  0.000E+00  0.000E+00  0.000E+00  3.387E+10  6.241E+12  2.300E+13  4.070E+13  5.076E+13  4.867E+13  3.527E+13  1.698E+13  2.352E+12  6.548E+08  0.000E+00  0.000E+00  0.000E+00  0.000E+00  0.000E+00  0.000E+00
  368.5000  0.000E+00  0.000E+00  0.000E+00  0.000E+00  0.000E+00  0.000E+00  0.000E+00  0.000E+00  2.973E+10  5.505E+12  2.031E+13  3.600E+13  4.491E+13  4.306E+13  3.119E+13  1.499E+13  2.073E+12  5.775E+08  0.000E+00  0.000E+00  0.000E+00  0.000E+00  0.000E+00  0.000E+00
  369.5000  0.000E+00  0.000E+00  0.000E+00  0.000E+00  0.000E+00  0.000E+00  0.000E+00  0.000E+00  3.568E+10  6.633E+12  2.450E+13  4.347E+13  5.425E+13  5.201E+13  3.765E+13  1.807E+13  2.497E+12  6.958E+08  0.000E+00  0.000E+00  0.000E+00  0.000E+00  0.000E+00  0.000E+00
  370.5000  0.000E+00  0.000E+00  0.000E+00  0.000E+00  0.000E+00  0.000E+00  0.000E+00  0.000E+00  3.243E+10  6.044E+12  2.235E+13  3.971E+13  4.957E+13  4.752E+13  3.439E+13  1.647E+13  2.274E+12  6.346E+08  0.000E+00  0.000E+00  0.000E+00  0.000E+00  0.000E+00  0.000E+00
  371.5000  0.000E+00  0.000E+00  0.000E+00  0.000E+00  0.000E+00  0.000E+00  0.000E+00  0.000E+00  3.706E+10  6.948E+12  2.571E+13  4.576E+13  5.713E+13  5.477E+13  3.961E+13  1.894E+13  2.612E+12  7.291E+08  0.000E+00  0.000E+00  0.000E+00  0.000E+00  0.000E+00  0.000E+00
  372.5000  0.000E+00  0.000E+00  0.000E+00  0.000E+00  0.000E+00  0.000E+00  0.000E+00  0.000E+00  2.744E+10  5.157E+12  1.910E+13  3.404E+13  4.250E+13  4.075E+13  2.946E+13  1.406E+13  1.938E+12  5.413E+08  0.000E+00  0.000E+00  0.000E+00  0.000E+00  0.000E+00  0.000E+00
  373.5000  0.000E+00  0.000E+00  0.000E+00  0.000E+00  0.000E+00  0.000E+00  0.000E+00  0.000E+00  2.478E+10  4.679E+12  1.736E+13  3.097E+13  3.869E+13  3.709E+13  2.680E+13  1.277E+13  1.757E+12  4.911E+08  0.000E+00  0.000E+00  0.000E+00  0.000E+00  0.000E+00  0.000E+00
  374.5000  0.000E+00  0.000E+00  0.000E+00  0.000E+00  0.000E+00  0.000E+00  0.000E+00  0.000E+00  2.715E+10  5.157E+12  1.916E+13  3.423E+13  4.276E+13  4.099E+13  2.961E+13  1.408E+13  1.935E+12  5.410E+08  0.000E+00  0.000E+00  0.000E+00  0.000E+00  0.000E+00  0.000E+00
  375.5000  0.000E+00  0.000E+00  0.000E+00  0.000E+00  0.000E+00  0.000E+00  0.000E+00  0.000E+00  3.073E+10  5.846E+12  2.174E+13  3.889E+13  4.859E+13  4.658E+13  3.363E+13  1.597E+13  2.192E+12  6.135E+08  0.000E+00  0.000E+00  0.000E+00  0.000E+00  0.000E+00  0.000E+00
  376.5000  0.000E+00  0.000E+00  0.000E+00  0.000E+00  0.000E+00  0.000E+00  0.000E+00  0.000E+00  3.066E+10  5.864E+12  2.183E+13  3.911E+13  4.887E+13  4.685E+13  3.381E+13  1.603E+13  2.197E+12  6.151E+08  0.000E+00  0.000E+00  0.000E+00  0.000E+00  0.000E+00  0.000E+00
  377.5000  0.000E+00  0.000E+00  0.000E+00  0.000E+00  0.000E+00  0.000E+00  0.000E+00  0.000E+00  3.637E+10  7.013E+12  2.614E+13  4.690E+13  5.861E+13  5.619E+13  4.053E+13  1.918E+13  2.627E+12  7.349E+08  0.000E+00  0.000E+00  0.000E+00  0.000E+00  0.000E+00  0.000E+00
  378.5000  0.000E+00  0.000E+00  0.000E+00  0.000E+00  0.000E+00  0.000E+00  0.000E+00  0.000E+00  3.978E+10  7.676E+12  2.865E+13  5.147E+13  6.434E+13  6.168E+13  4.447E+13  2.101E+13  2.874E+12  8.052E+08  0.000E+00  0.000E+00  0.000E+00  0.000E+00  0.000E+00  0.000E+00
  379.5000  0.000E+00  0.000E+00  0.000E+00  0.000E+00  0.000E+00  0.000E+00  0.000E+00  0.000E+00  2.943E+10  5.703E+12  2.131E+13  3.834E+13  4.794E+13  4.595E+13  3.312E+13  1.562E+13  2.133E+12  5.980E+08  0.000E+00  0.000E+00  0.000E+00  0.000E+00  0.000E+00  0.000E+00
  380.5000  0.000E+00  0.000E+00  0.000E+00  0.000E+00  0.000E+00  0.000E+00  0.000E+00  0.000E+00  3.533E+10  6.889E+12  2.578E+13  4.643E+13  5.806E+13  5.566E+13  4.011E+13  1.887E+13  2.576E+12  7.223E+08  0.000E+00  0.000E+00  0.000E+00  0.000E+00  0.000E+00  0.000E+00
  381.5000  0.000E+00  0.000E+00  0.000E+00  0.000E+00  0.000E+00  0.000E+00  0.000E+00  0.000E+00  3.307E+10  6.500E+12  2.436E+13  4.394E+13  5.495E+13  5.268E+13  3.794E+13  1.782E+13  2.429E+12  6.801E+08  0.000E+00  0.000E+00  0.000E+00  0.000E+00  0.000E+00  0.000E+00
  382.5000  0.000E+00  0.000E+00  0.000E+00  0.000E+00  0.000E+00  0.000E+00  0.000E+00  0.000E+00  2.197E+10  4.350E+12  1.633E+13  2.948E+13  3.688E+13  3.535E+13  2.545E+13  1.193E+13  1.624E+12  4.547E+08  0.000E+00  0.000E+00  0.000E+00  0.000E+00  0.000E+00  0.000E+00
  383.5000  0.000E+00  0.000E+00  0.000E+00  0.000E+00  0.000E+00  0.000E+00  0.000E+00  0.000E+00  1.942E+10  3.837E+12  1.442E+13  2.607E+13  3.261E+13  3.126E+13  2.250E+13  1.053E+13  1.432E+12  4.018E+08  0.000E+00  0.000E+00  0.000E+00  0.000E+00  0.000E+00  0.000E+00
  384.5000  0.000E+00  0.000E+00  0.000E+00  0.000E+00  0.000E+00  0.000E+00  0.000E+00  0.000E+00  2.916E+10  5.782E+12  2.176E+13  3.940E+13  4.929E+13  4.725E+13  3.400E+13  1.588E+13  2.157E+12  6.055E+08  0.000E+00  0.000E+00  0.000E+00  0.000E+00  0.000E+00  0.000E+00
  385.5000  0.000E+00  0.000E+00  0.000E+00  0.000E+00  0.000E+00  0.000E+00  0.000E+00  0.000E+00  2.872E+10  5.746E+12  2.166E+13  3.926E+13  4.912E+13  4.708E+13  3.387E+13  1.579E+13  2.142E+12  6.006E+08  0.000E+00  0.000E+00  0.000E+00  0.000E+00  0.000E+00  0.000E+00
  386.5000  0.000E+00  0.000E+00  0.000E+00  0.000E+00  0.000E+00  0.000E+00  0.000E+00  0.000E+00  2.943E+10  5.881E+12  2.220E+13  4.030E+13  5.042E+13  4.834E+13  3.476E+13  1.618E+13  2.191E+12  6.155E+08  0.000E+00  0.000E+00  0.000E+00  0.000E+00  0.000E+00  0.000E+00
  387.5000  0.000E+00  0.000E+00  0.000E+00  0.000E+00  0.000E+00  0.000E+00  0.000E+00  0.000E+00  2.731E+10  5.489E+12  2.075E+13  3.772E+13  4.719E+13  4.524E+13  3.253E+13  1.511E+13  2.044E+12  5.747E+08  0.000E+00  0.000E+00  0.000E+00  0.000E+00  0.000E+00  0.000E+00
  388.5000  0.000E+00  0.000E+00  0.000E+00  0.000E+00  0.000E+00  0.000E+00  0.000E+00  0.000E+00  2.738E+10  5.525E+12  2.092E+13  3.807E+13  4.764E+13  4.567E+13  3.283E+13  1.522E+13  2.056E+12  5.775E+08  0.000E+00  0.000E+00  0.000E+00  0.000E+00  0.000E+00  0.000E+00
  389.5000  0.000E+00  0.000E+00  0.000E+00  0.000E+00  0.000E+00  0.000E+00  0.000E+00  0.000E+00  3.457E+10  6.996E+12  2.654E+13  4.835E+13  6.050E+13  5.800E+13  4.169E+13  1.929E+13  2.603E+12  7.317E+08  0.000E+00  0.000E+00  0.000E+00  0.000E+00  0.000E+00  0.000E+00
  390.5000  0.000E+00  0.000E+00  0.000E+00  0.000E+00  0.000E+00  0.000E+00  0.000E+00  0.000E+00  3.382E+10  6.901E+12  2.622E+13  4.782E+13  5.985E+13  5.738E+13  4.123E+13  1.904E+13  2.565E+12  7.201E+08  0.000E+00  0.000E+00  0.000E+00  0.000E+00  0.000E+00  0.000E+00
  391.5000  0.000E+00  0.000E+00  0.000E+00  0.000E+00  0.000E+00  0.000E+00  0.000E+00  0.000E+00  4.016E+10  8.223E+12  3.129E+13  5.714E+13  7.151E+13  6.856E+13  4.925E+13  2.271E+13  3.056E+12  8.591E+08  0.000E+00  0.000E+00  0.000E+00  0.000E+00  0.000E+00  0.000E+00
  392.5000  0.000E+00  0.000E+00  0.000E+00  0.000E+00  0.000E+00  0.000E+00  0.000E+00  0.000E+00  3.017E+10  6.192E+12  2.360E+13  4.315E+13  5.400E+13  5.177E+13  3.719E+13  1.711E+13  2.300E+12  6.468E+08  0.000E+00  0.000E+00  0.000E+00  0.000E+00  0.000E+00  0.000E+00
  393.5000  0.000E+00  0.000E+00  0.000E+00  0.000E+00  0.000E+00  0.000E+00  0.000E+00  0.000E+00  1.309E+10  2.703E+12  1.032E+13  1.889E+13  2.364E+13  2.267E+13  1.628E+13  7.477E+12  1.003E+12  2.822E+08  0.000E+00  0.000E+00  0.000E+00  0.000E+00  0.000E+00  0.000E+00
  394.5000  0.000E+00  0.000E+00  0.000E+00  0.000E+00  0.000E+00  0.000E+00  0.000E+00  0.000E+00  3.083E+10  6.386E+12  2.443E+13  4.477E+13  5.602E+13  5.371E+13  3.857E+13  1.768E+13  2.369E+12  6.658E+08  0.000E+00  0.000E+00  0.000E+00  0.000E+00  0.000E+00  0.000E+00
  395.5000  0.000E+00  0.000E+00  0.000E+00  0.000E+00  0.000E+00  0.000E+00  0.000E+00  0.000E+00  3.980E+10  8.252E+12  3.162E+13  5.801E+13  7.259E+13  6.960E+13  4.997E+13  2.287E+13  3.059E+12  8.611E+08  0.000E+00  0.000E+00  0.000E+00  0.000E+00  0.000E+00  0.000E+00
  396.5000  0.000E+00  0.000E+00  0.000E+00  0.000E+00  0.000E+00  0.000E+00  0.000E+00  0.000E+00  2.337E+10  4.866E+12  1.868E+13  3.430E+13  4.293E+13  4.116E+13  2.955E+13  1.350E+13  1.803E+12  5.076E+08  0.000E+00  0.000E+00  0.000E+00  0.000E+00  0.000E+00  0.000E+00
  397.5000  0.000E+00  0.000E+00  0.000E+00  0.000E+00  0.000E+00  0.000E+00  0.000E+00  0.000E+00  2.700E+10  5.640E+12  2.168E+13  3.987E+13  4.989E+13  4.783E+13  3.433E+13  1.565E+13  2.090E+12  5.885E+08  0.000E+00  0.000E+00  0.000E+00  0.000E+00  0.000E+00  0.000E+00
  398.5000  0.000E+00  0.000E+00  0.000E+00  0.000E+00  0.000E+00  0.000E+00  0.000E+00  0.000E+00  4.597E+10  9.732E+12  3.748E+13  6.899E+13  8.633E+13  8.277E+13  5.941E+13  2.704E+13  3.603E+12  1.012E+09  0.000E+00  0.000E+00  0.000E+00  0.000E+00  0.000E+00  0.000E+00
  399.5000  0.000E+00  0.000E+00  0.000E+00  0.000E+00  0.000E+00  0.000E+00  0.000E+00  0.000E+00  4.796E+10  1.016E+13  3.922E+13  7.227E+13  9.042E+13  8.670E+13  6.223E+13  2.827E+13  3.762E+12  1.058E+09  0.000E+00  0.000E+00  0.000E+00  0.000E+00  0.000E+00  0.000E+00
  400.5000  0.000E+00  0.000E+00  0.000E+00  0.000E+00  0.000E+00  0.000E+00  0.000E+00  0.000E+00  5.051E+10  1.073E+13  4.149E+13  7.651E+13  9.573E+13  9.179E+13  6.588E+13  2.987E+13  3.970E+12  1.117E+09  0.000E+00  0.000E+00  0.000E+00  0.000E+00  0.000E+00  0.000E+00
  401.5000  0.000E+00  0.000E+00  0.000E+00  0.000E+00  0.000E+00  0.000E+00  0.000E+00  0.000E+00  5.177E+10  1.108E+13  4.294E+13  7.927E+13  9.917E+13  9.510E+13  6.825E+13  3.089E+13  4.098E+12  1.153E+09  0.000E+00  0.000E+00  0.000E+00  0.000E+00  0.000E+00  0.000E+00
  402.5000  0.000E+00  0.000E+00  0.000E+00  0.000E+00  0.000E+00  0.000E+00  0.000E+00  0.000E+00  5.345E+10  1.155E+13  4.485E+13  8.288E+13  1.037E+14  9.942E+13  7.134E+13  3.223E+13  4.270E+12  1.200E+09  0.000E+00  0.000E+00  0.000E+00  0.000E+00  0.000E+00  0.000E+00
  403.5000  0.000E+00  0.000E+00  0.000E+00  0.000E+00  0.000E+00  0.000E+00  0.000E+00  0.000E+00  4.912E+10  1.062E+13  4.130E+13  7.640E+13  9.556E+13  9.164E+13  6.576E+13  2.965E+13  3.923E+12  1.103E+09  0.000E+00  0.000E+00  0.000E+00  0.000E+00  0.000E+00  0.000E+00
  404.5000  0.000E+00  0.000E+00  0.000E+00  0.000E+00  0.000E+00  0.000E+00  0.000E+00  0.000E+00  4.816E+10  1.046E+13  4.076E+13  7.546E+13  9.438E+13  9.051E+13  6.495E+13  2.924E+13  3.862E+12  1.086E+09  0.000E+00  0.000E+00  0.000E+00  0.000E+00  0.000E+00  0.000E+00
  405.5000  0.000E+00  0.000E+00  0.000E+00  0.000E+00  0.000E+00  0.000E+00  0.000E+00  0.000E+00  5.042E+10  1.091E+13  4.260E+13  7.894E+13  9.872E+13  9.468E+13  6.795E+13  3.053E+13  4.028E+12  1.133E+09  0.000E+00  0.000E+00  0.000E+00  0.000E+00  0.000E+00  0.000E+00
  406.5000  0.000E+00  0.000E+00  0.000E+00  0.000E+00  0.000E+00  0.000E+00  0.000E+00  0.000E+00  4.716E+10  1.032E+13  4.037E+13  7.488E+13  9.363E+13  8.980E+13  6.444E+13  2.890E+13  3.807E+12  1.070E+09  0.000E+00  0.000E+00  0.000E+00  0.000E+00  0.000E+00  0.000E+00
  407.5000  0.000E+00  0.000E+00  0.000E+00  0.000E+00  0.000E+00  0.000E+00  0.000E+00  0.000E+00  4.748E+10  1.044E+13  4.095E+13  7.602E+13  9.504E+13  9.116E+13  6.542E+13  2.929E+13  3.851E+12  1.082E+09  0.000E+00  0.000E+00  0.000E+00  0.000E+00  0.000E+00  0.000E+00
  408.5000  0.000E+00  0.000E+00  0.000E+00  0.000E+00  0.000E+00  0.000E+00  0.000E+00  0.000E+00  5.279E+10  1.167E+13  4.588E+13  8.525E+13  1.066E+14  1.022E+14  7.336E+13  3.278E+13  4.302E+12  1.208E+09  0.000E+00  0.000E+00  0.000E+00  0.000E+00  0.000E+00  0.000E+00
  409.5000  0.000E+00  0.000E+00  0.000E+00  0.000E+00  0.000E+00  0.000E+00  0.000E+00  0.000E+00  5.157E+10  1.149E+13  4.525E+13  8.415E+13  1.052E+14  1.009E+14  7.241E+13  3.230E+13  4.232E+12  1.188E+09  0.000E+00  0.000E+00  0.000E+00  0.000E+00  0.000E+00  0.000E+00
  410.5000  0.000E+00  0.000E+00  0.000E+00  0.000E+00  0.000E+00  0.000E+00  0.000E+00  0.000E+00  4.479E+10  1.001E+13  3.948E+13  7.349E+13  9.184E+13  8.810E+13  6.323E+13  2.816E+13  3.683E+12  1.034E+09  0.000E+00  0.000E+00  0.000E+00  0.000E+00  0.000E+00  0.000E+00
  411.5000  0.000E+00  0.000E+00  0.000E+00  0.000E+00  0.000E+00  0.000E+00  0.000E+00  0.000E+00  5.367E+10  1.208E+13  4.776E+13  8.896E+13  1.111E+14  1.066E+14  7.654E+13  3.403E+13  4.445E+12  1.247E+09  0.000E+00  0.000E+00  0.000E+00  0.000E+00  0.000E+00  0.000E+00
  412.5000  0.000E+00  0.000E+00  0.000E+00  0.000E+00  0.000E+00  0.000E+00  0.000E+00  0.000E+00  5.325E+10  1.202E+13  4.764E+13  8.879E+13  1.109E+14  1.064E+14  7.640E+13  3.391E+13  4.424E+12  1.241E+09  0.000E+00  0.000E+00  0.000E+00  0.000E+00  0.000E+00  0.000E+00
  413.5000  0.000E+00  0.000E+00  0.000E+00  0.000E+00  0.000E+00  0.000E+00  0.000E+00  0.000E+00  5.162E+10  1.171E+13  4.649E+13  8.673E+13  1.083E+14  1.039E+14  7.462E+13  3.307E+13  4.307E+12  1.208E+09  0.000E+00  0.000E+00  0.000E+00  0.000E+00  0.000E+00  0.000E+00
  414.5000  0.000E+00  0.000E+00  0.000E+00  0.000E+00  0.000E+00  0.000E+00  0.000E+00  0.000E+00  5.310E+10  1.208E+13  4.809E+13  8.976E+13  1.121E+14  1.075E+14  7.723E+13  3.417E+13  4.443E+12  1.246E+09  0.000E+00  0.000E+00  0.000E+00  0.000E+00  0.000E+00  0.000E+00
  415.5000  0.000E+00  0.000E+00  0.000E+00  0.000E+00  0.000E+00  0.000E+00  0.000E+00  0.000E+00  5.066E+10  1.160E+13  4.628E+13  8.644E+13  1.079E+14  1.036E+14  7.438E+13  3.285E+13  4.263E+12  1.195E+09  0.000E+00  0.000E+00  0.000E+00  0.000E+00  0.000E+00  0.000E+00
  416.5000  0.000E+00  0.000E+00  0.000E+00  0.000E+00  0.000E+00  0.000E+00  0.000E+00  0.000E+00  5.550E+10  1.267E+13  5.067E+13  9.472E+13  1.182E+14  1.135E+14  8.150E+13  3.594E+13  4.655E+12  1.305E+09  0.000E+00  0.000E+00  0.000E+00  0.000E+00  0.000E+00  0.000E+00
  417.5000  0.000E+00  0.000E+00  0.000E+00  0.000E+00  0.000E+00  0.000E+00  0.000E+00  0.000E+00  5.025E+10  1.163E+13  4.661E+13  8.719E+13  1.088E+14  1.044E+14  7.502E+13  3.303E+13  4.270E+12  1.196E+09  0.000E+00  0.000E+00  0.000E+00  0.000E+00  0.000E+00  0.000E+00
  418.5000  0.000E+00  0.000E+00  0.000E+00  0.000E+00  0.000E+00  0.000E+00  0.000E+00  0.000E+00  5.081E+10  1.177E+13  4.728E+13  8.849E+13  1.104E+14  1.060E+14  7.614E+13  3.347E+13  4.320E+12  1.210E+09  0.000E+00  0.000E+00  0.000E+00  0.000E+00  0.000E+00  0.000E+00
  419.5000  0.000E+00  0.000E+00  0.000E+00  0.000E+00  0.000E+00  0.000E+00  0.000E+00  0.000E+00  5.216E+10  1.221E+13  4.915E+13  9.204E+13  1.148E+14  1.102E+14  7.920E+13  3.476E+13  4.480E+12  1.253E+09  0.000E+00  0.000E+00  0.000E+00  0.000E+00  0.000E+00  0.000E+00
------------------------------------------------------------
Photolysis rate coefficients, s-1
   1 = O3 -> O2 + O(1D)                                  
   2 = NO2 -> NO + O(3P)                                 
   3 = HNO2 -> OH + NO                                   
   4 = HNO3 -> OH + NO2                                  
   5 = ClNO2 -> Cl + NO2                                 
values at z =      0.263 km
Columns: time, sza, photo-reactions
time, hrs.  sza, deg.          1          2          3          4          5
    0.0000    146.214  0.000E+00  0.000E+00  0.000E+00  0.000E+00  0.000E+00
    1.0000    145.583  0.000E+00  0.000E+00  0.000E+00  0.000E+00  0.000E+00
    2.0000    141.616  0.000E+00  0.000E+00  0.000E+00  0.000E+00  0.000E+00
    3.0000    135.289  0.000E+00  0.000E+00  0.000E+00  0.000E+00  0.000E+00
    4.0000    127.613  0.000E+00  0.000E+00  0.000E+00  0.000E+00  0.000E+00
    5.0000    119.319  0.000E+00  0.000E+00  0.000E+00  0.000E+00  0.000E+00
    6.0000    110.911  0.000E+00  0.000E+00  0.000E+00  0.000E+00  0.000E+00
    7.0000    102.774  0.000E+00  0.000E+00  0.000E+00  0.000E+00  0.000E+00
    8.0000     95.248  3.021E-10  1.157E-06  1.915E-07  1.405E-11  4.210E-08
    9.0000     88.672  3.844E-08  2.223E-04  3.479E-05  2.112E-09  7.363E-06
   10.0000     83.396  1.787E-07  8.430E-04  1.303E-04  1.005E-08  2.921E-05
   11.0000     79.760  3.846E-07  1.518E-03  2.307E-04  2.047E-08  5.276E-05
   12.0000     78.041  5.296E-07  1.896E-03  2.878E-04  2.718E-08  6.641E-05
   13.0000     78.386  4.975E-07  1.818E-03  2.759E-04  2.574E-08  6.355E-05
   14.0000     80.765  3.155E-07  1.312E-03  2.000E-04  1.711E-08  4.551E-05
   15.0000     84.980  1.211E-07  6.154E-04  9.592E-05  6.886E-09  2.121E-05
   16.0000     90.724  1.543E-08  8.297E-05  1.305E-05  7.830E-10  2.730E-06
   17.0000     97.651  8.833E-12  2.329E-08  3.647E-09  3.267E-13  8.021E-10
   18.0000    105.413  0.000E+00  0.000E+00  0.000E+00  0.000E+00  0.000E+00
   19.0000    113.673  0.000E+00  0.000E+00  0.000E+00  0.000E+00  0.000E+00
   20.0000    122.080  0.000E+00  0.000E+00  0.000E+00  0.000E+00  0.000E+00
   21.0000    130.218  0.000E+00  0.000E+00  0.000E+00  0.000E+00  0.000E+00
   22.0000    137.520  0.000E+00  0.000E+00  0.000E+00  0.000E+00  0.000E+00
   23.0000    143.155  0.000E+00  0.000E+00  0.000E+00  0.000E+00  0.000E+00
------------------------------------------------------------
