Spectral actinic flux, quanta cm-2 s-1 nm-1
values at z =      0.263 km
Columns: wavelength (nm), times (hrs.) or sza (deg.)
    wc, nm      0.000      1.000      2.000      3.000      4.000      5.000      6.000      7.000      8.000      9.000     10.000     11.000     12.000     13.000     14.000     15.000     16.000     17.000     18.000     19.000     20.000     21.000     22.000     23.000
    sza =     147.132    146.273    142.081    135.593    127.828    119.503    111.109    103.022     95.578     89.111     83.964     80.468     78.887     79.354     81.829     86.112     91.899     98.849    106.624    114.889    123.297    131.431    138.711    144.281
  290.5000  0.000E+00  0.000E+00  0.000E+00  0.000E+00  0.000E+00  0.000E+00  0.000E+00  0.000E+00  9.920E+02  1.594E+05  3.456E+05  4.777E+05  5.429E+05  5.232E+05  4.247E+05  2.686E+05  5.619E+04  3.958E-07  0.000E+00  0.000E+00  0.000E+00  0.000E+00  0.000E+00  0.000E+00
  291.5000  0.000E+00  0.000E+00  0.000E+00  0.000E+00  0.000E+00  0.000E+00  0.000E+00  0.000E+00  3.829E+03  6.057E+05  1.316E+06  1.833E+06  2.092E+06  2.014E+06  1.625E+06  1.018E+06  2.131E+05  1.108E-05  0.000E+00  0.000E+00  0.000E+00  0.000E+00  0.000E+00  0.000E+00
  292.5000  0.000E+00  0.000E+00  0.000E+00  0.000E+00  0.000E+00  0.000E+00  0.000E+00  0.000E+00  1.103E+04  1.701E+06  3.753E+06  5.273E+06  6.043E+06  5.809E+06  4.656E+06  2.892E+06  6.039E+05  1.704E-04  0.000E+00  0.000E+00  0.000E+00  0.000E+00  0.000E+00  0.000E+00
  293.5000  0.000E+00  0.000E+00  0.000E+00  0.000E+00  0.000E+00  0.000E+00  0.000E+00  0.000E+00  3.844E+04  5.817E+06  1.299E+07  1.844E+07  2.124E+07  2.039E+07  1.621E+07  9.949E+06  2.068E+06  2.812E-03  0.000E+00  0.000E+00  0.000E+00  0.000E+00  0.000E+00  0.000E+00
  294.5000  0.000E+00  0.000E+00  0.000E+00  0.000E+00  0.000E+00  0.000E+00  0.000E+00  0.000E+00  8.648E+04  1.287E+07  2.909E+07  4.173E+07  4.832E+07  4.630E+07  3.654E+07  2.216E+07  4.577E+06  2.276E-02  0.000E+00  0.000E+00  0.000E+00  0.000E+00  0.000E+00  0.000E+00
  295.5000  0.000E+00  0.000E+00  0.000E+00  0.000E+00  0.000E+00  0.000E+00  0.000E+00  0.000E+00  2.656E+05  3.883E+07  8.926E+07  1.299E+08  1.514E+08  1.448E+08  1.131E+08  6.748E+07  1.380E+07  2.580E-01  0.000E+00  0.000E+00  0.000E+00  0.000E+00  0.000E+00  0.000E+00
  296.5000  0.000E+00  0.000E+00  0.000E+00  0.000E+00  0.000E+00  0.000E+00  0.000E+00  0.000E+00  5.612E+05  8.088E+07  1.894E+08  2.797E+08  3.285E+08  3.134E+08  2.421E+08  1.419E+08  2.870E+07  1.690E+00  0.000E+00  0.000E+00  0.000E+00  0.000E+00  0.000E+00  0.000E+00
  297.5000  0.000E+00  0.000E+00  0.000E+00  0.000E+00  0.000E+00  0.000E+00  0.000E+00  0.000E+00  1.299E+06  1.863E+08  4.417E+08  6.636E+08  7.859E+08  7.479E+08  5.704E+08  3.279E+08  6.534E+07  1.043E+01  0.000E+00  0.000E+00  0.000E+00  0.000E+00  0.000E+00  0.000E+00
  298.5000  0.000E+00  0.000E+00  0.000E+00  0.000E+00  0.000E+00  0.000E+00  0.000E+00  0.000E+00  1.854E+06  2.606E+08  6.377E+08  9.754E+08  1.166E+09  1.107E+09  8.324E+08  4.686E+08  9.121E+07  3.485E+01  0.000E+00  0.000E+00  0.000E+00  0.000E+00  0.000E+00  0.000E+00
  299.5000  0.000E+00  0.000E+00  0.000E+00  0.000E+00  0.000E+00  0.000E+00  0.000E+00  0.000E+00  4.981E+06  6.938E+08  1.745E+09  2.730E+09  3.308E+09  3.125E+09  2.309E+09  1.266E+09  2.424E+08  2.029E+02  0.000E+00  0.000E+00  0.000E+00  0.000E+00  0.000E+00  0.000E+00
  300.5000  0.000E+00  0.000E+00  0.000E+00  0.000E+00  0.000E+00  0.000E+00  0.000E+00  0.000E+00  5.496E+06  7.560E+08  1.966E+09  3.146E+09  3.869E+09  3.637E+09  2.634E+09  1.409E+09  2.636E+08  4.221E+02  0.000E+00  0.000E+00  0.000E+00  0.000E+00  0.000E+00  0.000E+00
  301.5000  0.000E+00  0.000E+00  0.000E+00  0.000E+00  0.000E+00  0.000E+00  0.000E+00  0.000E+00  1.327E+07  1.826E+09  4.907E+09  8.132E+09  1.026E+10  9.566E+09  6.702E+09  3.458E+09  6.257E+08  1.978E+03  0.000E+00  0.000E+00  0.000E+00  0.000E+00  0.000E+00  0.000E+00
  302.5000  0.000E+00  0.000E+00  0.000E+00  0.000E+00  0.000E+00  0.000E+00  0.000E+00  0.000E+00  1.913E+07  2.623E+09  7.280E+09  1.246E+10  1.613E+10  1.491E+10  1.011E+10  4.980E+09  8.897E+08  4.509E+03  0.000E+00  0.000E+00  0.000E+00  0.000E+00  0.000E+00  0.000E+00
  303.5000  0.000E+00  0.000E+00  0.000E+00  0.000E+00  0.000E+00  0.000E+00  0.000E+00  0.000E+00  3.955E+07  5.449E+09  1.580E+10  2.862E+10  3.857E+10  3.520E+10  2.260E+10  1.091E+10  1.809E+09  1.577E+04  0.000E+00  0.000E+00  0.000E+00  0.000E+00  0.000E+00  0.000E+00
  304.5000  0.000E+00  0.000E+00  0.000E+00  0.000E+00  0.000E+00  0.000E+00  0.000E+00  0.000E+00  4.904E+07  6.728E+09  2.031E+10  3.846E+10  5.329E+10  4.823E+10  2.974E+10  1.356E+10  2.216E+09  2.704E+04  0.000E+00  0.000E+00  0.000E+00  0.000E+00  0.000E+00  0.000E+00
  305.5000  0.000E+00  0.000E+00  0.000E+00  0.000E+00  0.000E+00  0.000E+00  0.000E+00  0.000E+00  7.970E+07  1.100E+10  3.567E+10  7.381E+10  1.067E+11  9.548E+10  5.489E+10  2.311E+10  3.539E+09  6.846E+04  0.000E+00  0.000E+00  0.000E+00  0.000E+00  0.000E+00  0.000E+00
  306.5000  0.000E+00  0.000E+00  0.000E+00  0.000E+00  0.000E+00  0.000E+00  0.000E+00  0.000E+00  9.207E+07  1.265E+10  4.293E+10  9.297E+10  1.366E+11  1.218E+11  6.788E+10  2.729E+10  4.048E+09  9.792E+04  0.000E+00  0.000E+00  0.000E+00  0.000E+00  0.000E+00  0.000E+00
  307.5000  0.000E+00  0.000E+00  0.000E+00  0.000E+00  0.000E+00  0.000E+00  0.000E+00  0.000E+00  1.640E+08  2.313E+10  8.591E+10  2.044E+11  3.068E+11  2.722E+11  1.445E+11  5.194E+10  7.102E+09  2.493E+05  0.000E+00  0.000E+00  0.000E+00  0.000E+00  0.000E+00  0.000E+00
  308.5000  0.000E+00  0.000E+00  0.000E+00  0.000E+00  0.000E+00  0.000E+00  0.000E+00  0.000E+00  2.019E+08  2.867E+10  1.115E+11  2.745E+11  4.134E+11  3.667E+11  1.921E+11  6.582E+10  8.667E+09  3.610E+05  0.000E+00  0.000E+00  0.000E+00  0.000E+00  0.000E+00  0.000E+00
  309.5000  0.000E+00  0.000E+00  0.000E+00  0.000E+00  0.000E+00  0.000E+00  0.000E+00  0.000E+00  2.115E+08  3.066E+10  1.320E+11  3.412E+11  5.124E+11  4.556E+11  2.366E+11  7.417E+10  8.957E+09  4.804E+05  0.000E+00  0.000E+00  0.000E+00  0.000E+00  0.000E+00  0.000E+00
  310.5000  0.000E+00  0.000E+00  0.000E+00  0.000E+00  0.000E+00  0.000E+00  0.000E+00  0.000E+00  3.324E+08  4.928E+10  2.303E+11  6.073E+11  9.037E+11  8.063E+11  4.210E+11  1.245E+11  1.397E+10  9.048E+05  0.000E+00  0.000E+00  0.000E+00  0.000E+00  0.000E+00  0.000E+00
  311.5000  0.000E+00  0.000E+00  0.000E+00  0.000E+00  0.000E+00  0.000E+00  0.000E+00  0.000E+00  4.733E+08  7.140E+10  3.548E+11  9.407E+11  1.388E+12  1.242E+12  6.543E+11  1.870E+11  1.982E+10  1.454E+06  0.000E+00  0.000E+00  0.000E+00  0.000E+00  0.000E+00  0.000E+00
  312.5000  0.000E+00  0.000E+00  0.000E+00  0.000E+00  0.000E+00  0.000E+00  0.000E+00  0.000E+00  5.673E+08  8.969E+10  4.991E+11  1.302E+12  1.877E+12  1.691E+12  9.188E+11  2.503E+11  2.352E+10  2.114E+06  0.000E+00  0.000E+00  0.000E+00  0.000E+00  0.000E+00  0.000E+00
  313.5000  0.000E+00  0.000E+00  0.000E+00  0.000E+00  0.000E+00  0.000E+00  0.000E+00  0.000E+00  6.830E+08  1.090E+11  6.216E+11  1.610E+12  2.308E+12  2.084E+12  1.141E+12  3.082E+11  2.821E+10  2.720E+06  0.000E+00  0.000E+00  0.000E+00  0.000E+00  0.000E+00  0.000E+00
  314.5000  0.000E+00  0.000E+00  0.000E+00  0.000E+00  0.000E+00  0.000E+00  0.000E+00  0.000E+00  8.478E+08  1.445E+11  8.951E+11  2.214E+12  3.087E+12  2.810E+12  1.604E+12  4.326E+11  3.495E+10  3.922E+06  0.000E+00  0.000E+00  0.000E+00  0.000E+00  0.000E+00  0.000E+00
  315.5000  0.000E+00  0.000E+00  0.000E+00  0.000E+00  0.000E+00  0.000E+00  0.000E+00  0.000E+00  9.208E+08  1.580E+11  9.863E+11  2.418E+12  3.359E+12  3.060E+12  1.759E+12  4.756E+11  3.785E+10  4.466E+06  0.000E+00  0.000E+00  0.000E+00  0.000E+00  0.000E+00  0.000E+00
  316.5000  0.000E+00  0.000E+00  0.000E+00  0.000E+00  0.000E+00  0.000E+00  0.000E+00  0.000E+00  1.135E+09  2.097E+11  1.345E+12  3.115E+12  4.221E+12  3.874E+12  2.318E+12  6.851E+11  4.688E+10  6.105E+06  0.000E+00  0.000E+00  0.000E+00  0.000E+00  0.000E+00  0.000E+00
  317.5000  0.000E+00  0.000E+00  0.000E+00  0.000E+00  0.000E+00  0.000E+00  0.000E+00  0.000E+00  1.619E+09  2.975E+11  1.908E+12  4.428E+12  6.003E+12  5.509E+12  3.293E+12  9.716E+11  6.669E+10  8.911E+06  0.000E+00  0.000E+00  0.000E+00  0.000E+00  0.000E+00  0.000E+00
  318.5000  0.000E+00  0.000E+00  0.000E+00  0.000E+00  0.000E+00  0.000E+00  0.000E+00  0.000E+00  1.621E+09  3.248E+11  2.041E+12  4.438E+12  5.867E+12  5.422E+12  3.381E+12  1.075E+12  6.769E+10  9.631E+06  0.000E+00  0.000E+00  0.000E+00  0.000E+00  0.000E+00  0.000E+00
  319.5000  0.000E+00  0.000E+00  0.000E+00  0.000E+00  0.000E+00  0.000E+00  0.000E+00  0.000E+00  2.105E+09  4.265E+11  2.651E+12  5.692E+12  7.492E+12  6.932E+12  4.356E+12  1.408E+12  8.797E+10  1.286E+07  0.000E+00  0.000E+00  0.000E+00  0.000E+00  0.000E+00  0.000E+00
  320.5000  0.000E+00  0.000E+00  0.000E+00  0.000E+00  0.000E+00  0.000E+00  0.000E+00  0.000E+00  2.738E+09  5.674E+11  3.479E+12  7.355E+12  9.627E+12  8.921E+12  5.661E+12  1.867E+12  1.150E+11  1.712E+07  0.000E+00  0.000E+00  0.000E+00  0.000E+00  0.000E+00  0.000E+00
  321.5000  0.000E+00  0.000E+00  0.000E+00  0.000E+00  0.000E+00  0.000E+00  0.000E+00  0.000E+00  3.228E+09  7.234E+11  3.988E+12  7.835E+12  9.999E+12  9.332E+12  6.186E+12  2.262E+12  1.398E+11  2.075E+07  0.000E+00  0.000E+00  0.000E+00  0.000E+00  0.000E+00  0.000E+00
  322.5000  0.000E+00  0.000E+00  0.000E+00  0.000E+00  0.000E+00  0.000E+00  0.000E+00  0.000E+00  2.517E+09  5.294E+11  3.201E+12  6.678E+12  8.701E+12  8.073E+12  5.163E+12  1.734E+12  1.059E+11  1.636E+07  0.000E+00  0.000E+00  0.000E+00  0.000E+00  0.000E+00  0.000E+00
  323.5000  0.000E+00  0.000E+00  0.000E+00  0.000E+00  0.000E+00  0.000E+00  0.000E+00  0.000E+00  4.004E+09  9.235E+11  4.771E+12  9.067E+12  1.145E+13  1.071E+13  7.239E+12  2.782E+12  1.767E+11  2.612E+07  0.000E+00  0.000E+00  0.000E+00  0.000E+00  0.000E+00  0.000E+00
  324.5000  0.000E+00  0.000E+00  0.000E+00  0.000E+00  0.000E+00  0.000E+00  0.000E+00  0.000E+00  4.650E+09  1.063E+12  5.542E+12  1.058E+13  1.339E+13  1.252E+13  8.435E+12  3.220E+12  2.040E+11  3.088E+07  0.000E+00  0.000E+00  0.000E+00  0.000E+00  0.000E+00  0.000E+00
  325.5000  0.000E+00  0.000E+00  0.000E+00  0.000E+00  0.000E+00  0.000E+00  0.000E+00  0.000E+00  4.868E+09  1.108E+12  5.943E+12  1.151E+13  1.463E+13  1.367E+13  9.129E+12  3.413E+12  2.121E+11  3.291E+07  0.000E+00  0.000E+00  0.000E+00  0.000E+00  0.000E+00  0.000E+00
  326.5000  0.000E+00  0.000E+00  0.000E+00  0.000E+00  0.000E+00  0.000E+00  0.000E+00  0.000E+00  8.724E+09  2.028E+12  9.306E+12  1.684E+13  2.094E+13  1.968E+13  1.366E+13  5.673E+12  3.960E+11  5.669E+07  0.000E+00  0.000E+00  0.000E+00  0.000E+00  0.000E+00  0.000E+00
  327.5000  0.000E+00  0.000E+00  0.000E+00  0.000E+00  0.000E+00  0.000E+00  0.000E+00  0.000E+00  7.115E+09  1.649E+12  8.013E+12  1.485E+13  1.861E+13  1.746E+13  1.195E+13  4.784E+12  3.177E+11  4.798E+07  0.000E+00  0.000E+00  0.000E+00  0.000E+00  0.000E+00  0.000E+00
  328.5000  0.000E+00  0.000E+00  0.000E+00  0.000E+00  0.000E+00  0.000E+00  0.000E+00  0.000E+00  6.550E+09  1.531E+12  7.454E+12  1.382E+13  1.732E+13  1.625E+13  1.112E+13  4.450E+12  2.936E+11  4.461E+07  0.000E+00  0.000E+00  0.000E+00  0.000E+00  0.000E+00  0.000E+00
  329.5000  0.000E+00  0.000E+00  0.000E+00  0.000E+00  0.000E+00  0.000E+00  0.000E+00  0.000E+00  1.210E+10  2.771E+12  1.174E+13  2.066E+13  2.546E+13  2.399E+13  1.691E+13  7.355E+12  5.584E+11  7.803E+07  0.000E+00  0.000E+00  0.000E+00  0.000E+00  0.000E+00  0.000E+00
  330.5000  0.000E+00  0.000E+00  0.000E+00  0.000E+00  0.000E+00  0.000E+00  0.000E+00  0.000E+00  9.448E+09  2.196E+12  9.903E+12  1.784E+13  2.216E+13  2.084E+13  1.449E+13  6.074E+12  4.305E+11  6.371E+07  0.000E+00  0.000E+00  0.000E+00  0.000E+00  0.000E+00  0.000E+00
  331.5000  0.000E+00  0.000E+00  0.000E+00  0.000E+00  0.000E+00  0.000E+00  0.000E+00  0.000E+00  9.039E+09  2.116E+12  9.675E+12  1.753E+13  2.181E+13  2.050E+13  1.421E+13  5.907E+12  4.117E+11  6.196E+07  0.000E+00  0.000E+00  0.000E+00  0.000E+00  0.000E+00  0.000E+00
  332.5000  0.000E+00  0.000E+00  0.000E+00  0.000E+00  0.000E+00  0.000E+00  0.000E+00  0.000E+00  1.180E+10  2.680E+12  1.099E+13  1.916E+13  2.356E+13  2.222E+13  1.573E+13  6.960E+12  5.484E+11  7.697E+07  0.000E+00  0.000E+00  0.000E+00  0.000E+00  0.000E+00  0.000E+00
  333.5000  0.000E+00  0.000E+00  0.000E+00  0.000E+00  0.000E+00  0.000E+00  0.000E+00  0.000E+00  9.791E+09  2.268E+12  9.779E+12  1.736E+13  2.147E+13  2.021E+13  1.416E+13  6.091E+12  4.516E+11  6.645E+07  0.000E+00  0.000E+00  0.000E+00  0.000E+00  0.000E+00  0.000E+00
  334.5000  0.000E+00  0.000E+00  0.000E+00  0.000E+00  0.000E+00  0.000E+00  0.000E+00  0.000E+00  1.165E+10  2.689E+12  1.132E+13  1.994E+13  2.461E+13  2.318E+13  1.631E+13  7.108E+12  5.412E+11  7.866E+07  0.000E+00  0.000E+00  0.000E+00  0.000E+00  0.000E+00  0.000E+00
  335.5000  0.000E+00  0.000E+00  0.000E+00  0.000E+00  0.000E+00  0.000E+00  0.000E+00  0.000E+00  1.375E+10  3.095E+12  1.232E+13  2.131E+13  2.615E+13  2.467E+13  1.754E+13  7.782E+12  6.436E+11  9.051E+07  0.000E+00  0.000E+00  0.000E+00  0.000E+00  0.000E+00  0.000E+00
  336.5000  0.000E+00  0.000E+00  0.000E+00  0.000E+00  0.000E+00  0.000E+00  0.000E+00  0.000E+00  1.029E+10  2.343E+12  9.495E+12  1.653E+13  2.033E+13  1.917E+13  1.357E+13  6.006E+12  4.813E+11  6.914E+07  0.000E+00  0.000E+00  0.000E+00  0.000E+00  0.000E+00  0.000E+00
  337.5000  0.000E+00  0.000E+00  0.000E+00  0.000E+00  0.000E+00  0.000E+00  0.000E+00  0.000E+00  1.019E+10  2.368E+12  9.996E+12  1.766E+13  2.182E+13  2.055E+13  1.442E+13  6.264E+12  4.746E+11  7.095E+07  0.000E+00  0.000E+00  0.000E+00  0.000E+00  0.000E+00  0.000E+00
  338.5000  0.000E+00  0.000E+00  0.000E+00  0.000E+00  0.000E+00  0.000E+00  0.000E+00  0.000E+00  1.261E+10  2.859E+12  1.137E+13  1.970E+13  2.420E+13  2.283E+13  1.620E+13  7.155E+12  5.932E+11  8.521E+07  0.000E+00  0.000E+00  0.000E+00  0.000E+00  0.000E+00  0.000E+00
  339.5000  0.000E+00  0.000E+00  0.000E+00  0.000E+00  0.000E+00  0.000E+00  0.000E+00  0.000E+00  1.402E+10  3.177E+12  1.254E+13  2.169E+13  2.664E+13  2.512E+13  1.784E+13  7.857E+12  6.618E+11  9.507E+07  0.000E+00  0.000E+00  0.000E+00  0.000E+00  0.000E+00  0.000E+00
  340.5000  0.000E+00  0.000E+00  0.000E+00  0.000E+00  0.000E+00  0.000E+00  0.000E+00  0.000E+00  1.414E+10  3.250E+12  1.313E+13  2.291E+13  2.822E+13  2.659E+13  1.879E+13  8.273E+12  6.663E+11  9.833E+07  0.000E+00  0.000E+00  0.000E+00  0.000E+00  0.000E+00  0.000E+00
  341.5000  0.000E+00  0.000E+00  0.000E+00  0.000E+00  0.000E+00  0.000E+00  0.000E+00  0.000E+00  1.371E+10  3.103E+12  1.215E+13  2.099E+13  2.578E+13  2.432E+13  1.727E+13  7.569E+12  6.491E+11  9.408E+07  0.000E+00  0.000E+00  0.000E+00  0.000E+00  0.000E+00  0.000E+00
  342.5000  0.000E+00  0.000E+00  0.000E+00  0.000E+00  0.000E+00  0.000E+00  0.000E+00  0.000E+00  1.544E+10  3.496E+12  1.362E+13  2.351E+13  2.887E+13  2.723E+13  1.934E+13  8.446E+12  7.334E+11  1.065E+08  0.000E+00  0.000E+00  0.000E+00  0.000E+00  0.000E+00  0.000E+00
  343.5000  0.000E+00  0.000E+00  0.000E+00  0.000E+00  0.000E+00  0.000E+00  0.000E+00  0.000E+00  1.557E+10  3.563E+12  1.404E+13  2.435E+13  2.996E+13  2.824E+13  2.000E+13  8.748E+12  7.404E+11  1.093E+08  0.000E+00  0.000E+00  0.000E+00  0.000E+00  0.000E+00  0.000E+00
  344.5000  0.000E+00  0.000E+00  0.000E+00  0.000E+00  0.000E+00  0.000E+00  0.000E+00  0.000E+00  1.057E+10  2.443E+12  9.758E+12  1.701E+13  2.096E+13  1.975E+13  1.395E+13  6.101E+12  5.027E+11  7.557E+07  0.000E+00  0.000E+00  0.000E+00  0.000E+00  0.000E+00  0.000E+00
  345.5000  0.000E+00  0.000E+00  0.000E+00  0.000E+00  0.000E+00  0.000E+00  0.000E+00  0.000E+00  1.583E+10  3.596E+12  1.391E+13  2.403E+13  2.953E+13  2.784E+13  1.976E+13  8.651E+12  7.560E+11  1.114E+08  0.000E+00  0.000E+00  0.000E+00  0.000E+00  0.000E+00  0.000E+00
  346.5000  0.000E+00  0.000E+00  0.000E+00  0.000E+00  0.000E+00  0.000E+00  0.000E+00  0.000E+00  1.405E+10  3.243E+12  1.281E+13  2.229E+13  2.745E+13  2.587E+13  1.828E+13  7.955E+12  6.711E+11  1.014E+08  0.000E+00  0.000E+00  0.000E+00  0.000E+00  0.000E+00  0.000E+00
  347.5000  0.000E+00  0.000E+00  0.000E+00  0.000E+00  0.000E+00  0.000E+00  0.000E+00  0.000E+00  1.382E+10  3.198E+12  1.261E+13  2.195E+13  2.704E+13  2.548E+13  1.800E+13  7.815E+12  6.618E+11  1.005E+08  0.000E+00  0.000E+00  0.000E+00  0.000E+00  0.000E+00  0.000E+00
  348.5000  0.000E+00  0.000E+00  0.000E+00  0.000E+00  0.000E+00  0.000E+00  0.000E+00  0.000E+00  1.550E+10  3.582E+12  1.403E+13  2.440E+13  3.006E+13  2.833E+13  2.001E+13  8.755E+12  7.443E+11  1.131E+08  0.000E+00  0.000E+00  0.000E+00  0.000E+00  0.000E+00  0.000E+00
  349.5000  0.000E+00  0.000E+00  0.000E+00  0.000E+00  0.000E+00  0.000E+00  0.000E+00  0.000E+00  1.297E+10  3.009E+12  1.181E+13  2.056E+13  2.534E+13  2.388E+13  1.685E+13  7.361E+12  6.240E+11  9.546E+07  0.000E+00  0.000E+00  0.000E+00  0.000E+00  0.000E+00  0.000E+00
  350.5000  0.000E+00  0.000E+00  0.000E+00  0.000E+00  0.000E+00  0.000E+00  0.000E+00  0.000E+00  1.825E+10  4.246E+12  1.664E+13  2.900E+13  3.576E+13  3.369E+13  2.377E+13  1.036E+13  8.800E+11  1.354E+08  0.000E+00  0.000E+00  0.000E+00  0.000E+00  0.000E+00  0.000E+00
  351.5000  0.000E+00  0.000E+00  0.000E+00  0.000E+00  0.000E+00  0.000E+00  0.000E+00  0.000E+00  1.562E+10  3.655E+12  1.438E+13  2.510E+13  3.097E+13  2.918E+13  2.056E+13  8.947E+12  7.548E+11  1.171E+08  0.000E+00  0.000E+00  0.000E+00  0.000E+00  0.000E+00  0.000E+00
  352.5000  0.000E+00  0.000E+00  0.000E+00  0.000E+00  0.000E+00  0.000E+00  0.000E+00  0.000E+00  1.418E+10  3.327E+12  1.306E+13  2.282E+13  2.816E+13  2.653E+13  1.868E+13  8.111E+12  6.872E+11  1.071E+08  0.000E+00  0.000E+00  0.000E+00  0.000E+00  0.000E+00  0.000E+00
  353.5000  0.000E+00  0.000E+00  0.000E+00  0.000E+00  0.000E+00  0.000E+00  0.000E+00  0.000E+00  1.726E+10  4.053E+12  1.587E+13  2.772E+13  3.421E+13  3.223E+13  2.269E+13  9.917E+12  8.385E+11  1.311E+08  0.000E+00  0.000E+00  0.000E+00  0.000E+00  0.000E+00  0.000E+00
  354.5000  0.000E+00  0.000E+00  0.000E+00  0.000E+00  0.000E+00  0.000E+00  0.000E+00  0.000E+00  1.886E+10  4.433E+12  1.732E+13  3.026E+13  3.735E+13  3.518E+13  2.476E+13  1.078E+13  9.182E+11  1.440E+08  0.000E+00  0.000E+00  0.000E+00  0.000E+00  0.000E+00  0.000E+00
  355.5000  0.000E+00  0.000E+00  0.000E+00  0.000E+00  0.000E+00  0.000E+00  0.000E+00  0.000E+00  1.765E+10  4.163E+12  1.627E+13  2.847E+13  3.515E+13  3.311E+13  2.328E+13  1.012E+13  8.612E+11  1.359E+08  0.000E+00  0.000E+00  0.000E+00  0.000E+00  0.000E+00  0.000E+00
  356.5000  0.000E+00  0.000E+00  0.000E+00  0.000E+00  0.000E+00  0.000E+00  0.000E+00  0.000E+00  1.637E+10  3.879E+12  1.517E+13  2.658E+13  3.284E+13  3.092E+13  2.173E+13  9.426E+12  8.008E+11  1.272E+08  0.000E+00  0.000E+00  0.000E+00  0.000E+00  0.000E+00  0.000E+00
  357.5000  0.000E+00  0.000E+00  0.000E+00  0.000E+00  0.000E+00  0.000E+00  0.000E+00  0.000E+00  1.390E+10  3.308E+12  1.296E+13  2.274E+13  2.810E+13  2.646E+13  1.858E+13  8.044E+12  6.818E+11  1.090E+08  0.000E+00  0.000E+00  0.000E+00  0.000E+00  0.000E+00  0.000E+00
  358.5000  0.000E+00  0.000E+00  0.000E+00  0.000E+00  0.000E+00  0.000E+00  0.000E+00  0.000E+00  1.078E+10  2.572E+12  1.007E+13  1.768E+13  2.186E+13  2.058E+13  1.444E+13  6.233E+12  5.299E+11  8.513E+07  0.000E+00  0.000E+00  0.000E+00  0.000E+00  0.000E+00  0.000E+00
  359.5000  0.000E+00  0.000E+00  0.000E+00  0.000E+00  0.000E+00  0.000E+00  0.000E+00  0.000E+00  1.815E+10  4.347E+12  1.703E+13  2.994E+13  3.704E+13  3.487E+13  2.444E+13  1.053E+13  8.942E+11  1.445E+08  0.000E+00  0.000E+00  0.000E+00  0.000E+00  0.000E+00  0.000E+00
  360.5000  0.000E+00  0.000E+00  0.000E+00  0.000E+00  0.000E+00  0.000E+00  0.000E+00  0.000E+00  1.683E+10  4.048E+12  1.587E+13  2.794E+13  3.457E+13  3.254E+13  2.280E+13  9.801E+12  8.318E+11  1.352E+08  0.000E+00  0.000E+00  0.000E+00  0.000E+00  0.000E+00  0.000E+00
  361.5000  0.000E+00  0.000E+00  0.000E+00  0.000E+00  0.000E+00  0.000E+00  0.000E+00  0.000E+00  1.524E+10  3.674E+12  1.439E+13  2.537E+13  3.140E+13  2.956E+13  2.069E+13  8.870E+12  7.546E+11  1.232E+08  0.000E+00  0.000E+00  0.000E+00  0.000E+00  0.000E+00  0.000E+00
  362.5000  0.000E+00  0.000E+00  0.000E+00  0.000E+00  0.000E+00  0.000E+00  0.000E+00  0.000E+00  1.792E+10  4.338E+12  1.700E+13  3.000E+13  3.714E+13  3.496E+13  2.446E+13  1.046E+13  8.897E+11  1.461E+08  0.000E+00  0.000E+00  0.000E+00  0.000E+00  0.000E+00  0.000E+00
  363.5000  0.000E+00  0.000E+00  0.000E+00  0.000E+00  0.000E+00  0.000E+00  0.000E+00  0.000E+00  1.596E+10  3.878E+12  1.520E+13  2.686E+13  3.328E+13  3.132E+13  2.189E+13  9.339E+12  7.943E+11  1.312E+08  0.000E+00  0.000E+00  0.000E+00  0.000E+00  0.000E+00  0.000E+00
  364.5000  0.000E+00  0.000E+00  0.000E+00  0.000E+00  0.000E+00  0.000E+00  0.000E+00  0.000E+00  1.740E+10  4.246E+12  1.666E+13  2.949E+13  3.655E+13  3.439E+13  2.402E+13  1.023E+13  8.685E+11  1.443E+08  0.000E+00  0.000E+00  0.000E+00  0.000E+00  0.000E+00  0.000E+00
  365.5000  0.000E+00  0.000E+00  0.000E+00  0.000E+00  0.000E+00  0.000E+00  0.000E+00  0.000E+00  2.116E+10  5.190E+12  2.040E+13  3.616E+13  4.483E+13  4.218E+13  2.943E+13  1.251E+13  1.059E+12  1.771E+08  0.000E+00  0.000E+00  0.000E+00  0.000E+00  0.000E+00  0.000E+00
  366.5000  0.000E+00  0.000E+00  0.000E+00  0.000E+00  0.000E+00  0.000E+00  0.000E+00  0.000E+00  2.245E+10  5.523E+12  2.171E+13  3.854E+13  4.779E+13  4.496E+13  3.135E+13  1.329E+13  1.126E+12  1.892E+08  0.000E+00  0.000E+00  0.000E+00  0.000E+00  0.000E+00  0.000E+00
  367.5000  0.000E+00  0.000E+00  0.000E+00  0.000E+00  0.000E+00  0.000E+00  0.000E+00  0.000E+00  2.134E+10  5.272E+12  2.073E+13  3.684E+13  4.571E+13  4.300E+13  2.996E+13  1.267E+13  1.074E+12  1.814E+08  0.000E+00  0.000E+00  0.000E+00  0.000E+00  0.000E+00  0.000E+00
  368.5000  0.000E+00  0.000E+00  0.000E+00  0.000E+00  0.000E+00  0.000E+00  0.000E+00  0.000E+00  1.878E+10  4.651E+12  1.831E+13  3.258E+13  4.043E+13  3.804E+13  2.648E+13  1.117E+13  9.468E+11  1.607E+08  0.000E+00  0.000E+00  0.000E+00  0.000E+00  0.000E+00  0.000E+00
  369.5000  0.000E+00  0.000E+00  0.000E+00  0.000E+00  0.000E+00  0.000E+00  0.000E+00  0.000E+00  2.250E+10  5.604E+12  2.208E+13  3.934E+13  4.884E+13  4.594E+13  3.196E+13  1.346E+13  1.138E+12  1.944E+08  0.000E+00  0.000E+00  0.000E+00  0.000E+00  0.000E+00  0.000E+00
  370.5000  0.000E+00  0.000E+00  0.000E+00  0.000E+00  0.000E+00  0.000E+00  0.000E+00  0.000E+00  2.045E+10  5.105E+12  2.013E+13  3.593E+13  4.462E+13  4.197E+13  2.918E+13  1.226E+13  1.036E+12  1.778E+08  0.000E+00  0.000E+00  0.000E+00  0.000E+00  0.000E+00  0.000E+00
  371.5000  0.000E+00  0.000E+00  0.000E+00  0.000E+00  0.000E+00  0.000E+00  0.000E+00  0.000E+00  2.340E+10  5.869E+12  2.316E+13  4.139E+13  5.142E+13  4.836E+13  3.360E+13  1.408E+13  1.190E+12  2.052E+08  0.000E+00  0.000E+00  0.000E+00  0.000E+00  0.000E+00  0.000E+00
  372.5000  0.000E+00  0.000E+00  0.000E+00  0.000E+00  0.000E+00  0.000E+00  0.000E+00  0.000E+00  1.728E+10  4.354E+12  1.720E+13  3.078E+13  3.825E+13  3.597E+13  2.497E+13  1.044E+13  8.807E+11  1.528E+08  0.000E+00  0.000E+00  0.000E+00  0.000E+00  0.000E+00  0.000E+00
  373.5000  0.000E+00  0.000E+00  0.000E+00  0.000E+00  0.000E+00  0.000E+00  0.000E+00  0.000E+00  1.567E+10  3.951E+12  1.563E+13  2.801E+13  3.482E+13  3.274E+13  2.271E+13  9.542E+12  7.985E+11  1.393E+08  0.000E+00  0.000E+00  0.000E+00  0.000E+00  0.000E+00  0.000E+00
  374.5000  0.000E+00  0.000E+00  0.000E+00  0.000E+00  0.000E+00  0.000E+00  0.000E+00  0.000E+00  1.719E+10  4.354E+12  1.724E+13  3.095E+13  3.848E+13  3.618E+13  2.508E+13  1.062E+13  8.779E+11  1.541E+08  0.000E+00  0.000E+00  0.000E+00  0.000E+00  0.000E+00  0.000E+00
  375.5000  0.000E+00  0.000E+00  0.000E+00  0.000E+00  0.000E+00  0.000E+00  0.000E+00  0.000E+00  1.934E+10  4.935E+12  1.956E+13  3.515E+13  4.373E+13  4.111E+13  2.848E+13  1.203E+13  9.934E+11  1.752E+08  0.000E+00  0.000E+00  0.000E+00  0.000E+00  0.000E+00  0.000E+00
  376.5000  0.000E+00  0.000E+00  0.000E+00  0.000E+00  0.000E+00  0.000E+00  0.000E+00  0.000E+00  1.933E+10  4.950E+12  1.963E+13  3.535E+13  4.398E+13  4.135E+13  2.862E+13  1.206E+13  9.955E+11  1.764E+08  0.000E+00  0.000E+00  0.000E+00  0.000E+00  0.000E+00  0.000E+00
  377.5000  0.000E+00  0.000E+00  0.000E+00  0.000E+00  0.000E+00  0.000E+00  0.000E+00  0.000E+00  2.311E+10  5.919E+12  2.351E+13  4.238E+13  5.274E+13  4.958E+13  3.430E+13  1.442E+13  1.189E+12  2.119E+08  0.000E+00  0.000E+00  0.000E+00  0.000E+00  0.000E+00  0.000E+00
  378.5000  0.000E+00  0.000E+00  0.000E+00  0.000E+00  0.000E+00  0.000E+00  0.000E+00  0.000E+00  2.513E+10  6.479E+12  2.576E+13  4.650E+13  5.789E+13  5.442E+13  3.762E+13  1.610E+13  1.300E+12  2.327E+08  0.000E+00  0.000E+00  0.000E+00  0.000E+00  0.000E+00  0.000E+00
  379.5000  0.000E+00  0.000E+00  0.000E+00  0.000E+00  0.000E+00  0.000E+00  0.000E+00  0.000E+00  1.857E+10  4.813E+12  1.916E+13  3.464E+13  4.313E+13  4.054E+13  2.801E+13  1.196E+13  9.638E+11  1.735E+08  0.000E+00  0.000E+00  0.000E+00  0.000E+00  0.000E+00  0.000E+00
  380.5000  0.000E+00  0.000E+00  0.000E+00  0.000E+00  0.000E+00  0.000E+00  0.000E+00  0.000E+00  2.230E+10  5.814E+12  2.316E+13  4.194E+13  5.224E+13  4.910E+13  3.390E+13  1.444E+13  1.162E+12  2.102E+08  0.000E+00  0.000E+00  0.000E+00  0.000E+00  0.000E+00  0.000E+00
  381.5000  0.000E+00  0.000E+00  0.000E+00  0.000E+00  0.000E+00  0.000E+00  0.000E+00  0.000E+00  2.100E+10  5.486E+12  2.188E+13  3.968E+13  4.944E+13  4.647E+13  3.206E+13  1.363E+13  1.095E+12  1.991E+08  0.000E+00  0.000E+00  0.000E+00  0.000E+00  0.000E+00  0.000E+00
  382.5000  0.000E+00  0.000E+00  0.000E+00  0.000E+00  0.000E+00  0.000E+00  0.000E+00  0.000E+00  1.401E+10  3.671E+12  1.466E+13  2.662E+13  3.318E+13  3.118E+13  2.150E+13  9.120E+12  7.321E+11  1.337E+08  0.000E+00  0.000E+00  0.000E+00  0.000E+00  0.000E+00  0.000E+00
  383.5000  0.000E+00  0.000E+00  0.000E+00  0.000E+00  0.000E+00  0.000E+00  0.000E+00  0.000E+00  1.226E+10  3.237E+12  1.294E+13  2.354E+13  2.934E+13  2.757E+13  1.900E+13  8.044E+12  6.446E+11  1.183E+08  0.000E+00  0.000E+00  0.000E+00  0.000E+00  0.000E+00  0.000E+00
  384.5000  0.000E+00  0.000E+00  0.000E+00  0.000E+00  0.000E+00  0.000E+00  0.000E+00  0.000E+00  1.846E+10  4.878E+12  1.953E+13  3.557E+13  4.434E+13  4.168E+13  2.870E+13  1.212E+13  9.706E+11  1.789E+08  0.000E+00  0.000E+00  0.000E+00  0.000E+00  0.000E+00  0.000E+00
  385.5000  0.000E+00  0.000E+00  0.000E+00  0.000E+00  0.000E+00  0.000E+00  0.000E+00  0.000E+00  1.824E+10  4.847E+12  1.943E+13  3.543E+13  4.418E+13  4.152E+13  2.858E+13  1.205E+13  9.617E+11  1.784E+08  0.000E+00  0.000E+00  0.000E+00  0.000E+00  0.000E+00  0.000E+00
  386.5000  0.000E+00  0.000E+00  0.000E+00  0.000E+00  0.000E+00  0.000E+00  0.000E+00  0.000E+00  1.860E+10  4.962E+12  1.991E+13  3.637E+13  4.536E+13  4.263E+13  2.932E+13  1.233E+13  9.841E+11  1.832E+08  0.000E+00  0.000E+00  0.000E+00  0.000E+00  0.000E+00  0.000E+00
  387.5000  0.000E+00  0.000E+00  0.000E+00  0.000E+00  0.000E+00  0.000E+00  0.000E+00  0.000E+00  1.726E+10  4.631E+12  1.861E+13  3.403E+13  4.246E+13  3.990E+13  2.743E+13  1.151E+13  9.163E+11  1.715E+08  0.000E+00  0.000E+00  0.000E+00  0.000E+00  0.000E+00  0.000E+00
  388.5000  0.000E+00  0.000E+00  0.000E+00  0.000E+00  0.000E+00  0.000E+00  0.000E+00  0.000E+00  1.727E+10  4.661E+12  1.875E+13  3.435E+13  4.285E+13  4.027E+13  2.767E+13  1.159E+13  9.209E+11  1.732E+08  0.000E+00  0.000E+00  0.000E+00  0.000E+00  0.000E+00  0.000E+00
  389.5000  0.000E+00  0.000E+00  0.000E+00  0.000E+00  0.000E+00  0.000E+00  0.000E+00  0.000E+00  2.179E+10  5.902E+12  2.378E+13  4.362E+13  5.443E+13  5.115E+13  3.512E+13  1.468E+13  1.165E+12  2.200E+08  0.000E+00  0.000E+00  0.000E+00  0.000E+00  0.000E+00  0.000E+00
  390.5000  0.000E+00  0.000E+00  0.000E+00  0.000E+00  0.000E+00  0.000E+00  0.000E+00  0.000E+00  2.139E+10  5.821E+12  2.349E+13  4.314E+13  5.384E+13  5.060E+13  3.473E+13  1.448E+13  1.147E+12  2.177E+08  0.000E+00  0.000E+00  0.000E+00  0.000E+00  0.000E+00  0.000E+00
  391.5000  0.000E+00  0.000E+00  0.000E+00  0.000E+00  0.000E+00  0.000E+00  0.000E+00  0.000E+00  2.541E+10  6.935E+12  2.802E+13  5.154E+13  6.433E+13  6.045E+13  4.147E+13  1.726E+13  1.364E+12  2.602E+08  0.000E+00  0.000E+00  0.000E+00  0.000E+00  0.000E+00  0.000E+00
  392.5000  0.000E+00  0.000E+00  0.000E+00  0.000E+00  0.000E+00  0.000E+00  0.000E+00  0.000E+00  1.902E+10  5.223E+12  2.113E+13  3.892E+13  4.858E+13  4.565E+13  3.130E+13  1.300E+13  1.026E+12  1.965E+08  0.000E+00  0.000E+00  0.000E+00  0.000E+00  0.000E+00  0.000E+00
  393.5000  0.000E+00  0.000E+00  0.000E+00  0.000E+00  0.000E+00  0.000E+00  0.000E+00  0.000E+00  8.296E+09  2.280E+12  9.237E+12  1.704E+13  2.127E+13  1.999E+13  1.370E+13  5.677E+12  4.478E+11  8.610E+07  0.000E+00  0.000E+00  0.000E+00  0.000E+00  0.000E+00  0.000E+00
  394.5000  0.000E+00  0.000E+00  0.000E+00  0.000E+00  0.000E+00  0.000E+00  0.000E+00  0.000E+00  1.951E+10  5.387E+12  2.186E+13  4.037E+13  5.041E+13  4.737E+13  3.245E+13  1.342E+13  1.056E+12  2.040E+08  0.000E+00  0.000E+00  0.000E+00  0.000E+00  0.000E+00  0.000E+00
  395.5000  0.000E+00  0.000E+00  0.000E+00  0.000E+00  0.000E+00  0.000E+00  0.000E+00  0.000E+00  2.505E+10  6.960E+12  2.828E+13  5.231E+13  6.532E+13  6.138E+13  4.203E+13  1.734E+13  1.362E+12  2.644E+08  0.000E+00  0.000E+00  0.000E+00  0.000E+00  0.000E+00  0.000E+00
  396.5000  0.000E+00  0.000E+00  0.000E+00  0.000E+00  0.000E+00  0.000E+00  0.000E+00  0.000E+00  1.471E+10  4.104E+12  1.670E+13  3.093E+13  3.863E+13  3.630E+13  2.485E+13  1.023E+13  8.020E+11  1.564E+08  0.000E+00  0.000E+00  0.000E+00  0.000E+00  0.000E+00  0.000E+00
  397.5000  0.000E+00  0.000E+00  0.000E+00  0.000E+00  0.000E+00  0.000E+00  0.000E+00  0.000E+00  1.698E+10  4.756E+12  1.938E+13  3.594E+13  4.489E+13  4.219E+13  2.886E+13  1.185E+13  9.283E+11  1.818E+08  0.000E+00  0.000E+00  0.000E+00  0.000E+00  0.000E+00  0.000E+00
  398.5000  0.000E+00  0.000E+00  0.000E+00  0.000E+00  0.000E+00  0.000E+00  0.000E+00  0.000E+00  2.915E+10  8.207E+12  3.350E+13  6.220E+13  7.769E+13  7.300E+13  4.993E+13  2.046E+13  1.599E+12  3.145E+08  0.000E+00  0.000E+00  0.000E+00  0.000E+00  0.000E+00  0.000E+00
  399.5000  0.000E+00  0.000E+00  0.000E+00  0.000E+00  0.000E+00  0.000E+00  0.000E+00  0.000E+00  3.031E+10  8.572E+12  3.504E+13  6.515E+13  8.138E+13  7.647E+13  5.228E+13  2.138E+13  1.669E+12  3.294E+08  0.000E+00  0.000E+00  0.000E+00  0.000E+00  0.000E+00  0.000E+00
  400.5000  0.000E+00  0.000E+00  0.000E+00  0.000E+00  0.000E+00  0.000E+00  0.000E+00  0.000E+00  3.182E+10  9.049E+12  3.705E+13  6.897E+13  8.616E+13  8.097E+13  5.534E+13  2.258E+13  1.758E+12  3.487E+08  0.000E+00  0.000E+00  0.000E+00  0.000E+00  0.000E+00  0.000E+00
  401.5000  0.000E+00  0.000E+00  0.000E+00  0.000E+00  0.000E+00  0.000E+00  0.000E+00  0.000E+00  3.273E+10  9.347E+12  3.834E+13  7.146E+13  8.927E+13  8.389E+13  5.732E+13  2.333E+13  1.814E+12  3.613E+08  0.000E+00  0.000E+00  0.000E+00  0.000E+00  0.000E+00  0.000E+00
  402.5000  0.000E+00  0.000E+00  0.000E+00  0.000E+00  0.000E+00  0.000E+00  0.000E+00  0.000E+00  3.395E+10  9.743E+12  4.003E+13  7.471E+13  9.333E+13  8.771E+13  5.990E+13  2.433E+13  1.888E+12  3.776E+08  0.000E+00  0.000E+00  0.000E+00  0.000E+00  0.000E+00  0.000E+00
  403.5000  0.000E+00  0.000E+00  0.000E+00  0.000E+00  0.000E+00  0.000E+00  0.000E+00  0.000E+00  3.099E+10  8.956E+12  3.685E+13  6.886E+13  8.603E+13  8.085E+13  5.520E+13  2.237E+13  1.733E+12  3.480E+08  0.000E+00  0.000E+00  0.000E+00  0.000E+00  0.000E+00  0.000E+00
  404.5000  0.000E+00  0.000E+00  0.000E+00  0.000E+00  0.000E+00  0.000E+00  0.000E+00  0.000E+00  3.047E+10  8.821E+12  3.635E+13  6.802E+13  8.497E+13  7.986E+13  5.451E+13  2.204E+13  1.705E+12  3.438E+08  0.000E+00  0.000E+00  0.000E+00  0.000E+00  0.000E+00  0.000E+00
  405.5000  0.000E+00  0.000E+00  0.000E+00  0.000E+00  0.000E+00  0.000E+00  0.000E+00  0.000E+00  3.167E+10  9.202E+12  3.799E+13  7.116E+13  8.889E+13  8.354E+13  5.701E+13  2.300E+13  1.777E+12  3.596E+08  0.000E+00  0.000E+00  0.000E+00  0.000E+00  0.000E+00  0.000E+00
  406.5000  0.000E+00  0.000E+00  0.000E+00  0.000E+00  0.000E+00  0.000E+00  0.000E+00  0.000E+00  2.980E+10  8.702E+12  3.599E+13  6.749E+13  8.432E+13  7.924E+13  5.406E+13  2.186E+13  1.678E+12  3.409E+08  0.000E+00  0.000E+00  0.000E+00  0.000E+00  0.000E+00  0.000E+00
  407.5000  0.000E+00  0.000E+00  0.000E+00  0.000E+00  0.000E+00  0.000E+00  0.000E+00  0.000E+00  3.004E+10  8.807E+12  3.649E+13  6.852E+13  8.560E+13  8.045E+13  5.487E+13  2.214E+13  1.695E+12  3.460E+08  0.000E+00  0.000E+00  0.000E+00  0.000E+00  0.000E+00  0.000E+00
  408.5000  0.000E+00  0.000E+00  0.000E+00  0.000E+00  0.000E+00  0.000E+00  0.000E+00  0.000E+00  3.339E+10  9.846E+12  4.087E+13  7.684E+13  9.599E+13  9.022E+13  6.152E+13  2.477E+13  1.892E+12  3.878E+08  0.000E+00  0.000E+00  0.000E+00  0.000E+00  0.000E+00  0.000E+00
  409.5000  0.000E+00  0.000E+00  0.000E+00  0.000E+00  0.000E+00  0.000E+00  0.000E+00  0.000E+00  3.271E+10  9.690E+12  4.030E+13  7.585E+13  9.476E+13  8.906E+13  6.072E+13  2.439E+13  1.860E+12  3.826E+08  0.000E+00  0.000E+00  0.000E+00  0.000E+00  0.000E+00  0.000E+00
  410.5000  0.000E+00  0.000E+00  0.000E+00  0.000E+00  0.000E+00  0.000E+00  0.000E+00  0.000E+00  2.832E+10  8.438E+12  3.516E+13  6.624E+13  8.274E+13  7.778E+13  5.302E+13  2.125E+13  1.618E+12  3.340E+08  0.000E+00  0.000E+00  0.000E+00  0.000E+00  0.000E+00  0.000E+00
  411.5000  0.000E+00  0.000E+00  0.000E+00  0.000E+00  0.000E+00  0.000E+00  0.000E+00  0.000E+00  3.412E+10  1.019E+13  4.251E+13  8.018E+13  1.002E+14  9.415E+13  6.416E+13  2.566E+13  1.951E+12  4.043E+08  0.000E+00  0.000E+00  0.000E+00  0.000E+00  0.000E+00  0.000E+00
  412.5000  0.000E+00  0.000E+00  0.000E+00  0.000E+00  0.000E+00  0.000E+00  0.000E+00  0.000E+00  3.372E+10  1.014E+13  4.239E+13  8.004E+13  9.996E+13  9.397E+13  6.403E+13  2.554E+13  1.939E+12  4.033E+08  0.000E+00  0.000E+00  0.000E+00  0.000E+00  0.000E+00  0.000E+00
  413.5000  0.000E+00  0.000E+00  0.000E+00  0.000E+00  0.000E+00  0.000E+00  0.000E+00  0.000E+00  3.272E+10  9.875E+12  4.136E+13  7.817E+13  9.763E+13  9.178E+13  6.254E+13  2.489E+13  1.886E+12  3.938E+08  0.000E+00  0.000E+00  0.000E+00  0.000E+00  0.000E+00  0.000E+00
  414.5000  0.000E+00  0.000E+00  0.000E+00  0.000E+00  0.000E+00  0.000E+00  0.000E+00  0.000E+00  3.357E+10  1.019E+13  4.276E+13  8.091E+13  1.010E+14  9.498E+13  6.471E+13  2.570E+13  1.944E+12  4.073E+08  0.000E+00  0.000E+00  0.000E+00  0.000E+00  0.000E+00  0.000E+00
  415.5000  0.000E+00  0.000E+00  0.000E+00  0.000E+00  0.000E+00  0.000E+00  0.000E+00  0.000E+00  3.213E+10  9.784E+12  4.114E+13  7.792E+13  9.730E+13  9.148E+13  6.232E+13  2.469E+13  1.864E+12  3.921E+08  0.000E+00  0.000E+00  0.000E+00  0.000E+00  0.000E+00  0.000E+00
  416.5000  0.000E+00  0.000E+00  0.000E+00  0.000E+00  0.000E+00  0.000E+00  0.000E+00  0.000E+00  3.498E+10  1.069E+13  4.504E+13  8.539E+13  1.066E+14  1.002E+14  6.828E+13  2.700E+13  2.033E+12  4.294E+08  0.000E+00  0.000E+00  0.000E+00  0.000E+00  0.000E+00  0.000E+00
  417.5000  0.000E+00  0.000E+00  0.000E+00  0.000E+00  0.000E+00  0.000E+00  0.000E+00  0.000E+00  3.189E+10  9.809E+12  4.142E+13  7.860E+13  9.813E+13  9.227E+13  6.284E+13  2.480E+13  1.863E+12  3.949E+08  0.000E+00  0.000E+00  0.000E+00  0.000E+00  0.000E+00  0.000E+00
  418.5000  0.000E+00  0.000E+00  0.000E+00  0.000E+00  0.000E+00  0.000E+00  0.000E+00  0.000E+00  3.220E+10  9.927E+12  4.200E+13  7.978E+13  9.958E+13  9.364E+13  6.377E+13  2.511E+13  1.885E+12  4.007E+08  0.000E+00  0.000E+00  0.000E+00  0.000E+00  0.000E+00  0.000E+00
  419.5000  0.000E+00  0.000E+00  0.000E+00  0.000E+00  0.000E+00  0.000E+00  0.000E+00  0.000E+00  3.320E+10  1.030E+13  4.365E+13  8.299E+13  1.036E+14  9.740E+13  6.633E+13  2.606E+13  1.953E+12  4.165E+08  0.000E+00  0.000E+00  0.000E+00  0.000E+00  0.000E+00  0.000E+00
------------------------------------------------------------
Photolysis rate coefficients, s-1
   1 = O3 -> O2 + O(1D)                                  
   2 = NO2 -> NO + O(3P)                                 
   3 = HNO2 -> OH + NO                                   
   4 = HNO3 -> OH + NO2                                  
   5 = ClNO2 -> Cl + NO2                                 
values at z =      0.263 km
Columns: time, sza, photo-reactions
time, hrs   sza, deg 1          2          3          4          5
    0.0000    147.132  0.000E+00  0.000E+00  0.000E+00  0.000E+00  0.000E+00
    1.0000    146.273  0.000E+00  0.000E+00  0.000E+00  0.000E+00  0.000E+00
    2.0000    142.081  0.000E+00  0.000E+00  0.000E+00  0.000E+00  0.000E+00
    3.0000    135.593  0.000E+00  0.000E+00  0.000E+00  0.000E+00  0.000E+00
    4.0000    127.828  0.000E+00  0.000E+00  0.000E+00  0.000E+00  0.000E+00
    5.0000    119.503  0.000E+00  0.000E+00  0.000E+00  0.000E+00  0.000E+00
    6.0000    111.109  0.000E+00  0.000E+00  0.000E+00  0.000E+00  0.000E+00
    7.0000    103.022  0.000E+00  0.000E+00  0.000E+00  0.000E+00  0.000E+00
    8.0000     95.578  2.861E-10  7.391E-07  1.222E-07  1.129E-11  2.795E-08
    9.0000     89.111  5.029E-08  1.898E-04  2.969E-05  2.308E-09  6.535E-06
   10.0000     83.964  2.405E-07  7.650E-04  1.184E-04  1.152E-08  2.756E-05
   11.0000     80.468  5.218E-07  1.385E-03  2.105E-04  2.348E-08  4.994E-05
   12.0000     78.887  7.120E-07  1.723E-03  2.610E-04  3.080E-08  6.237E-05
   13.0000     79.354  6.509E-07  1.620E-03  2.456E-04  2.850E-08  5.855E-05
   14.0000     81.829  3.923E-07  1.120E-03  1.713E-04  1.817E-08  4.039E-05
   15.0000     86.112  1.362E-07  4.704E-04  7.311E-05  6.575E-09  1.683E-05
   16.0000     91.899  1.244E-08  3.800E-05  6.050E-06  4.961E-10  1.332E-06
   17.0000     98.849  1.104E-12  6.712E-09  9.927E-10  6.351E-14  2.059E-10
   18.0000    106.624  0.000E+00  0.000E+00  0.000E+00  0.000E+00  0.000E+00
   19.0000    114.889  0.000E+00  0.000E+00  0.000E+00  0.000E+00  0.000E+00
   20.0000    123.297  0.000E+00  0.000E+00  0.000E+00  0.000E+00  0.000E+00
   21.0000    131.431  0.000E+00  0.000E+00  0.000E+00  0.000E+00  0.000E+00
   22.0000    138.711  0.000E+00  0.000E+00  0.000E+00  0.000E+00  0.000E+00
   23.0000    144.281  0.000E+00  0.000E+00  0.000E+00  0.000E+00  0.000E+00
