Spectral actinic flux, quanta cm-2 s-1 nm-1
values at z =      0.263 km
Columns: wavelength (nm), times (hrs.) or sza (deg.)
    wc, nm      0.000      1.000      2.000      3.000      4.000      5.000      6.000      7.000      8.000      9.000     10.000     11.000     12.000     13.000     14.000     15.000     16.000     17.000     18.000     19.000     20.000     21.000     22.000     23.000
    sza =     146.733    145.991    141.911    135.500    127.777    119.467    111.066    102.954     95.470     88.950     83.740     80.174     78.523     78.928     81.351     85.596     91.358     98.294    106.059    114.320    122.728    130.866    138.162    143.771
  290.5000  0.000E+00  0.000E+00  0.000E+00  0.000E+00  0.000E+00  0.000E+00  0.000E+00  0.000E+00  1.567E+03  2.197E+05  4.706E+05  6.521E+05  7.448E+05  7.214E+05  5.899E+05  3.816E+05  1.000E+05  5.321E+00  0.000E+00  0.000E+00  0.000E+00  0.000E+00  0.000E+00  0.000E+00
  291.5000  0.000E+00  0.000E+00  0.000E+00  0.000E+00  0.000E+00  0.000E+00  0.000E+00  0.000E+00  5.863E+03  8.041E+05  1.738E+06  2.429E+06  2.786E+06  2.696E+06  2.191E+06  1.404E+06  3.666E+05  2.506E+01  0.000E+00  0.000E+00  0.000E+00  0.000E+00  0.000E+00  0.000E+00
  292.5000  0.000E+00  0.000E+00  0.000E+00  0.000E+00  0.000E+00  0.000E+00  0.000E+00  0.000E+00  1.647E+04  2.216E+06  4.839E+06  6.822E+06  7.862E+06  7.598E+06  6.134E+06  3.892E+06  1.011E+06  8.586E+01  0.000E+00  0.000E+00  0.000E+00  0.000E+00  0.000E+00  0.000E+00
  293.5000  0.000E+00  0.000E+00  0.000E+00  0.000E+00  0.000E+00  0.000E+00  0.000E+00  0.000E+00  5.605E+04  7.402E+06  1.637E+07  2.333E+07  2.704E+07  2.610E+07  2.090E+07  1.310E+07  3.383E+06  3.511E+02  0.000E+00  0.000E+00  0.000E+00  0.000E+00  0.000E+00  0.000E+00
  294.5000  0.000E+00  0.000E+00  0.000E+00  0.000E+00  0.000E+00  0.000E+00  0.000E+00  0.000E+00  1.238E+05  1.609E+07  3.603E+07  5.192E+07  6.050E+07  5.831E+07  4.633E+07  2.869E+07  7.333E+06  9.044E+02  0.000E+00  0.000E+00  0.000E+00  0.000E+00  0.000E+00  0.000E+00
  295.5000  0.000E+00  0.000E+00  0.000E+00  0.000E+00  0.000E+00  0.000E+00  0.000E+00  0.000E+00  3.724E+05  4.760E+07  1.085E+08  1.587E+08  1.863E+08  1.793E+08  1.409E+08  8.581E+07  2.164E+07  3.176E+03  0.000E+00  0.000E+00  0.000E+00  0.000E+00  0.000E+00  0.000E+00
  296.5000  0.000E+00  0.000E+00  0.000E+00  0.000E+00  0.000E+00  0.000E+00  0.000E+00  0.000E+00  7.742E+05  9.755E+07  2.267E+08  3.370E+08  3.987E+08  3.828E+08  2.976E+08  1.779E+08  4.419E+07  7.557E+03  0.000E+00  0.000E+00  0.000E+00  0.000E+00  0.000E+00  0.000E+00
  297.5000  0.000E+00  0.000E+00  0.000E+00  0.000E+00  0.000E+00  0.000E+00  0.000E+00  0.000E+00  1.765E+06  2.197E+08  5.219E+08  7.895E+08  9.428E+08  9.030E+08  6.930E+08  4.061E+08  9.903E+07  1.935E+04  0.000E+00  0.000E+00  0.000E+00  0.000E+00  0.000E+00  0.000E+00
  298.5000  0.000E+00  0.000E+00  0.000E+00  0.000E+00  0.000E+00  0.000E+00  0.000E+00  0.000E+00  2.487E+06  3.062E+08  7.451E+08  1.149E+09  1.387E+09  1.324E+09  1.002E+09  5.744E+08  1.375E+08  3.016E+04  0.000E+00  0.000E+00  0.000E+00  0.000E+00  0.000E+00  0.000E+00
  299.5000  0.000E+00  0.000E+00  0.000E+00  0.000E+00  0.000E+00  0.000E+00  0.000E+00  0.000E+00  6.601E+06  8.052E+08  2.019E+09  3.189E+09  3.909E+09  3.717E+09  2.756E+09  1.539E+09  3.583E+08  8.753E+04  0.000E+00  0.000E+00  0.000E+00  0.000E+00  0.000E+00  0.000E+00
  300.5000  0.000E+00  0.000E+00  0.000E+00  0.000E+00  0.000E+00  0.000E+00  0.000E+00  0.000E+00  7.216E+06  8.754E+08  2.257E+09  3.653E+09  4.560E+09  4.314E+09  3.128E+09  1.702E+09  3.858E+08  1.030E+05  0.000E+00  0.000E+00  0.000E+00  0.000E+00  0.000E+00  0.000E+00
  301.5000  0.000E+00  0.000E+00  0.000E+00  0.000E+00  0.000E+00  0.000E+00  0.000E+00  0.000E+00  1.725E+07  2.084E+09  5.594E+09  9.412E+09  1.212E+10  1.136E+10  7.935E+09  4.155E+09  9.072E+08  2.645E+05  0.000E+00  0.000E+00  0.000E+00  0.000E+00  0.000E+00  0.000E+00
  302.5000  0.000E+00  0.000E+00  0.000E+00  0.000E+00  0.000E+00  0.000E+00  0.000E+00  0.000E+00  2.468E+07  2.977E+09  8.262E+09  1.442E+10  1.910E+10  1.778E+10  1.197E+10  6.061E+09  1.281E+09  3.980E+05  0.000E+00  0.000E+00  0.000E+00  0.000E+00  0.000E+00  0.000E+00
  303.5000  0.000E+00  0.000E+00  0.000E+00  0.000E+00  0.000E+00  0.000E+00  0.000E+00  0.000E+00  5.063E+07  6.115E+09  1.786E+10  3.320E+10  4.597E+10  4.231E+10  2.685E+10  1.285E+10  2.589E+09  8.597E+05  0.000E+00  0.000E+00  0.000E+00  0.000E+00  0.000E+00  0.000E+00
  304.5000  0.000E+00  0.000E+00  0.000E+00  0.000E+00  0.000E+00  0.000E+00  0.000E+00  0.000E+00  6.247E+07  7.561E+09  2.293E+10  4.474E+10  6.374E+10  5.827E+10  3.548E+10  1.625E+10  3.164E+09  1.097E+06  0.000E+00  0.000E+00  0.000E+00  0.000E+00  0.000E+00  0.000E+00
  305.5000  0.000E+00  0.000E+00  0.000E+00  0.000E+00  0.000E+00  0.000E+00  0.000E+00  0.000E+00  1.008E+08  1.232E+10  4.024E+10  8.626E+10  1.279E+11  1.159E+11  6.614E+10  2.764E+10  5.033E+09  1.834E+06  0.000E+00  0.000E+00  0.000E+00  0.000E+00  0.000E+00  0.000E+00
  306.5000  0.000E+00  0.000E+00  0.000E+00  0.000E+00  0.000E+00  0.000E+00  0.000E+00  0.000E+00  1.161E+08  1.433E+10  4.846E+10  1.088E+11  1.637E+11  1.479E+11  8.220E+10  3.269E+10  5.750E+09  2.155E+06  0.000E+00  0.000E+00  0.000E+00  0.000E+00  0.000E+00  0.000E+00
  307.5000  0.000E+00  0.000E+00  0.000E+00  0.000E+00  0.000E+00  0.000E+00  0.000E+00  0.000E+00  2.055E+08  2.576E+10  9.726E+10  2.389E+11  3.648E+11  3.292E+11  1.764E+11  6.260E+10  1.007E+10  3.886E+06  0.000E+00  0.000E+00  0.000E+00  0.000E+00  0.000E+00  0.000E+00
  308.5000  0.000E+00  0.000E+00  0.000E+00  0.000E+00  0.000E+00  0.000E+00  0.000E+00  0.000E+00  2.522E+08  3.190E+10  1.264E+11  3.202E+11  4.893E+11  4.418E+11  2.349E+11  7.961E+10  1.228E+10  4.828E+06  0.000E+00  0.000E+00  0.000E+00  0.000E+00  0.000E+00  0.000E+00
  309.5000  0.000E+00  0.000E+00  0.000E+00  0.000E+00  0.000E+00  0.000E+00  0.000E+00  0.000E+00  2.630E+08  3.418E+10  1.500E+11  3.954E+11  5.999E+11  5.432E+11  2.890E+11  9.049E+10  1.273E+10  5.059E+06  0.000E+00  0.000E+00  0.000E+00  0.000E+00  0.000E+00  0.000E+00
  310.5000  0.000E+00  0.000E+00  0.000E+00  0.000E+00  0.000E+00  0.000E+00  0.000E+00  0.000E+00  4.118E+08  5.475E+10  2.617E+11  6.986E+11  1.048E+12  9.518E+11  5.120E+11  1.531E+11  1.985E+10  7.925E+06  0.000E+00  0.000E+00  0.000E+00  0.000E+00  0.000E+00  0.000E+00
  311.5000  0.000E+00  0.000E+00  0.000E+00  0.000E+00  0.000E+00  0.000E+00  0.000E+00  0.000E+00  5.849E+08  7.931E+10  4.029E+11  1.076E+12  1.597E+12  1.455E+12  7.920E+11  2.311E+11  2.814E+10  1.126E+07  0.000E+00  0.000E+00  0.000E+00  0.000E+00  0.000E+00  0.000E+00
  312.5000  0.000E+00  0.000E+00  0.000E+00  0.000E+00  0.000E+00  0.000E+00  0.000E+00  0.000E+00  6.980E+08  9.971E+10  5.640E+11  1.469E+12  2.127E+12  1.951E+12  1.098E+12  3.160E+11  3.366E+10  1.317E+07  0.000E+00  0.000E+00  0.000E+00  0.000E+00  0.000E+00  0.000E+00
  313.5000  0.000E+00  0.000E+00  0.000E+00  0.000E+00  0.000E+00  0.000E+00  0.000E+00  0.000E+00  8.393E+08  1.212E+11  7.012E+11  1.812E+12  2.607E+12  2.394E+12  1.359E+12  3.916E+11  4.043E+10  1.584E+07  0.000E+00  0.000E+00  0.000E+00  0.000E+00  0.000E+00  0.000E+00
  314.5000  0.000E+00  0.000E+00  0.000E+00  0.000E+00  0.000E+00  0.000E+00  0.000E+00  0.000E+00  1.037E+09  1.610E+11  1.000E+12  2.456E+12  3.436E+12  3.177E+12  1.879E+12  5.593E+11  5.052E+10  1.887E+07  0.000E+00  0.000E+00  0.000E+00  0.000E+00  0.000E+00  0.000E+00
  315.5000  0.000E+00  0.000E+00  0.000E+00  0.000E+00  0.000E+00  0.000E+00  0.000E+00  0.000E+00  1.125E+09  1.760E+11  1.100E+12  2.676E+12  3.728E+12  3.451E+12  2.054E+12  6.164E+11  5.480E+10  2.044E+07  0.000E+00  0.000E+00  0.000E+00  0.000E+00  0.000E+00  0.000E+00
  316.5000  0.000E+00  0.000E+00  0.000E+00  0.000E+00  0.000E+00  0.000E+00  0.000E+00  0.000E+00  1.381E+09  2.338E+11  1.484E+12  3.406E+12  4.628E+12  4.309E+12  2.666E+12  8.482E+11  6.857E+10  2.386E+07  0.000E+00  0.000E+00  0.000E+00  0.000E+00  0.000E+00  0.000E+00
  317.5000  0.000E+00  0.000E+00  0.000E+00  0.000E+00  0.000E+00  0.000E+00  0.000E+00  0.000E+00  1.970E+09  3.317E+11  2.107E+12  4.842E+12  6.583E+12  6.128E+12  3.787E+12  1.203E+12  9.749E+10  3.431E+07  0.000E+00  0.000E+00  0.000E+00  0.000E+00  0.000E+00  0.000E+00
  318.5000  0.000E+00  0.000E+00  0.000E+00  0.000E+00  0.000E+00  0.000E+00  0.000E+00  0.000E+00  1.964E+09  3.618E+11  2.226E+12  4.795E+12  6.357E+12  5.952E+12  3.826E+12  1.313E+12  1.002E+11  3.186E+07  0.000E+00  0.000E+00  0.000E+00  0.000E+00  0.000E+00  0.000E+00
  319.5000  0.000E+00  0.000E+00  0.000E+00  0.000E+00  0.000E+00  0.000E+00  0.000E+00  0.000E+00  2.545E+09  4.746E+11  2.883E+12  6.136E+12  8.100E+12  7.592E+12  4.914E+12  1.713E+12  1.304E+11  4.081E+07  0.000E+00  0.000E+00  0.000E+00  0.000E+00  0.000E+00  0.000E+00
  320.5000  0.000E+00  0.000E+00  0.000E+00  0.000E+00  0.000E+00  0.000E+00  0.000E+00  0.000E+00  3.306E+09  6.309E+11  3.773E+12  7.907E+12  1.038E+13  9.741E+12  6.361E+12  2.262E+12  1.710E+11  5.221E+07  0.000E+00  0.000E+00  0.000E+00  0.000E+00  0.000E+00  0.000E+00
  321.5000  0.000E+00  0.000E+00  0.000E+00  0.000E+00  0.000E+00  0.000E+00  0.000E+00  0.000E+00  3.871E+09  7.978E+11  4.266E+12  8.324E+12  1.066E+13  1.006E+13  6.837E+12  2.680E+12  2.101E+11  5.410E+07  0.000E+00  0.000E+00  0.000E+00  0.000E+00  0.000E+00  0.000E+00
  322.5000  0.000E+00  0.000E+00  0.000E+00  0.000E+00  0.000E+00  0.000E+00  0.000E+00  0.000E+00  3.034E+09  5.880E+11  3.462E+12  7.161E+12  9.359E+12  8.792E+12  5.783E+12  2.093E+12  1.579E+11  4.756E+07  0.000E+00  0.000E+00  0.000E+00  0.000E+00  0.000E+00  0.000E+00
  323.5000  0.000E+00  0.000E+00  0.000E+00  0.000E+00  0.000E+00  0.000E+00  0.000E+00  0.000E+00  4.780E+09  1.013E+12  5.071E+12  9.582E+12  1.214E+13  1.148E+13  7.941E+12  3.260E+12  2.665E+11  6.304E+07  0.000E+00  0.000E+00  0.000E+00  0.000E+00  0.000E+00  0.000E+00
  324.5000  0.000E+00  0.000E+00  0.000E+00  0.000E+00  0.000E+00  0.000E+00  0.000E+00  0.000E+00  5.551E+09  1.167E+12  5.895E+12  1.119E+13  1.421E+13  1.344E+13  9.262E+12  3.778E+12  3.073E+11  7.437E+07  0.000E+00  0.000E+00  0.000E+00  0.000E+00  0.000E+00  0.000E+00
  325.5000  0.000E+00  0.000E+00  0.000E+00  0.000E+00  0.000E+00  0.000E+00  0.000E+00  0.000E+00  5.820E+09  1.218E+12  6.337E+12  1.220E+13  1.556E+13  1.470E+13  1.005E+13  4.023E+12  3.194E+11  8.099E+07  0.000E+00  0.000E+00  0.000E+00  0.000E+00  0.000E+00  0.000E+00
  326.5000  0.000E+00  0.000E+00  0.000E+00  0.000E+00  0.000E+00  0.000E+00  0.000E+00  0.000E+00  1.032E+10  2.199E+12  9.797E+12  1.767E+13  2.205E+13  2.093E+13  1.483E+13  6.527E+12  5.954E+11  1.219E+08  0.000E+00  0.000E+00  0.000E+00  0.000E+00  0.000E+00  0.000E+00
  327.5000  0.000E+00  0.000E+00  0.000E+00  0.000E+00  0.000E+00  0.000E+00  0.000E+00  0.000E+00  8.449E+09  1.797E+12  8.473E+12  1.563E+13  1.966E+13  1.864E+13  1.304E+13  5.551E+12  4.787E+11  1.069E+08  0.000E+00  0.000E+00  0.000E+00  0.000E+00  0.000E+00  0.000E+00
  328.5000  0.000E+00  0.000E+00  0.000E+00  0.000E+00  0.000E+00  0.000E+00  0.000E+00  0.000E+00  7.778E+09  1.670E+12  7.881E+12  1.455E+13  1.830E+13  1.734E+13  1.213E+13  5.163E+12  4.428E+11  9.928E+07  0.000E+00  0.000E+00  0.000E+00  0.000E+00  0.000E+00  0.000E+00
  329.5000  0.000E+00  0.000E+00  0.000E+00  0.000E+00  0.000E+00  0.000E+00  0.000E+00  0.000E+00  1.423E+10  2.981E+12  1.229E+13  2.158E+13  2.671E+13  2.540E+13  1.824E+13  8.368E+12  8.345E+11  1.564E+08  0.000E+00  0.000E+00  0.000E+00  0.000E+00  0.000E+00  0.000E+00
  330.5000  0.000E+00  0.000E+00  0.000E+00  0.000E+00  0.000E+00  0.000E+00  0.000E+00  0.000E+00  1.115E+10  2.377E+12  1.041E+13  1.870E+13  2.332E+13  2.214E+13  1.571E+13  6.970E+12  6.468E+11  1.325E+08  0.000E+00  0.000E+00  0.000E+00  0.000E+00  0.000E+00  0.000E+00
  331.5000  0.000E+00  0.000E+00  0.000E+00  0.000E+00  0.000E+00  0.000E+00  0.000E+00  0.000E+00  1.068E+10  2.293E+12  1.018E+13  1.838E+13  2.297E+13  2.180E+13  1.542E+13  6.790E+12  6.195E+11  1.297E+08  0.000E+00  0.000E+00  0.000E+00  0.000E+00  0.000E+00  0.000E+00
  332.5000  0.000E+00  0.000E+00  0.000E+00  0.000E+00  0.000E+00  0.000E+00  0.000E+00  0.000E+00  1.383E+10  2.873E+12  1.148E+13  1.998E+13  2.468E+13  2.349E+13  1.693E+13  7.884E+12  8.165E+11  1.493E+08  0.000E+00  0.000E+00  0.000E+00  0.000E+00  0.000E+00  0.000E+00
  333.5000  0.000E+00  0.000E+00  0.000E+00  0.000E+00  0.000E+00  0.000E+00  0.000E+00  0.000E+00  1.151E+10  2.443E+12  1.025E+13  1.815E+13  2.254E+13  2.142E+13  1.530E+13  6.944E+12  6.765E+11  1.325E+08  0.000E+00  0.000E+00  0.000E+00  0.000E+00  0.000E+00  0.000E+00
  334.5000  0.000E+00  0.000E+00  0.000E+00  0.000E+00  0.000E+00  0.000E+00  0.000E+00  0.000E+00  1.367E+10  2.890E+12  1.185E+13  2.082E+13  2.581E+13  2.454E+13  1.759E+13  8.078E+12  8.087E+11  1.540E+08  0.000E+00  0.000E+00  0.000E+00  0.000E+00  0.000E+00  0.000E+00
  335.5000  0.000E+00  0.000E+00  0.000E+00  0.000E+00  0.000E+00  0.000E+00  0.000E+00  0.000E+00  1.606E+10  3.308E+12  1.285E+13  2.220E+13  2.736E+13  2.605E+13  1.884E+13  8.887E+12  9.549E+11  1.706E+08  0.000E+00  0.000E+00  0.000E+00  0.000E+00  0.000E+00  0.000E+00
  336.5000  0.000E+00  0.000E+00  0.000E+00  0.000E+00  0.000E+00  0.000E+00  0.000E+00  0.000E+00  1.203E+10  2.508E+12  9.911E+12  1.723E+13  2.129E+13  2.026E+13  1.460E+13  6.824E+12  7.160E+11  1.313E+08  0.000E+00  0.000E+00  0.000E+00  0.000E+00  0.000E+00  0.000E+00
  337.5000  0.000E+00  0.000E+00  0.000E+00  0.000E+00  0.000E+00  0.000E+00  0.000E+00  0.000E+00  1.195E+10  2.546E+12  1.046E+13  1.844E+13  2.289E+13  2.176E+13  1.556E+13  7.127E+12  7.100E+11  1.376E+08  0.000E+00  0.000E+00  0.000E+00  0.000E+00  0.000E+00  0.000E+00
  338.5000  0.000E+00  0.000E+00  0.000E+00  0.000E+00  0.000E+00  0.000E+00  0.000E+00  0.000E+00  1.472E+10  3.055E+12  1.186E+13  2.052E+13  2.533E+13  2.410E+13  1.740E+13  8.200E+12  8.806E+11  1.590E+08  0.000E+00  0.000E+00  0.000E+00  0.000E+00  0.000E+00  0.000E+00
  339.5000  0.000E+00  0.000E+00  0.000E+00  0.000E+00  0.000E+00  0.000E+00  0.000E+00  0.000E+00  1.635E+10  3.392E+12  1.307E+13  2.259E+13  2.786E+13  2.652E+13  1.916E+13  9.056E+12  9.816E+11  1.762E+08  0.000E+00  0.000E+00  0.000E+00  0.000E+00  0.000E+00  0.000E+00
  340.5000  0.000E+00  0.000E+00  0.000E+00  0.000E+00  0.000E+00  0.000E+00  0.000E+00  0.000E+00  1.652E+10  3.478E+12  1.371E+13  2.388E+13  2.955E+13  2.811E+13  2.021E+13  9.441E+12  9.919E+11  1.841E+08  0.000E+00  0.000E+00  0.000E+00  0.000E+00  0.000E+00  0.000E+00
  341.5000  0.000E+00  0.000E+00  0.000E+00  0.000E+00  0.000E+00  0.000E+00  0.000E+00  0.000E+00  1.596E+10  3.310E+12  1.266E+13  2.186E+13  2.697E+13  2.567E+13  1.854E+13  8.786E+12  9.616E+11  1.724E+08  0.000E+00  0.000E+00  0.000E+00  0.000E+00  0.000E+00  0.000E+00
  342.5000  0.000E+00  0.000E+00  0.000E+00  0.000E+00  0.000E+00  0.000E+00  0.000E+00  0.000E+00  1.798E+10  3.727E+12  1.418E+13  2.447E+13  3.018E+13  2.873E+13  2.076E+13  9.855E+12  1.086E+12  1.941E+08  0.000E+00  0.000E+00  0.000E+00  0.000E+00  0.000E+00  0.000E+00
  343.5000  0.000E+00  0.000E+00  0.000E+00  0.000E+00  0.000E+00  0.000E+00  0.000E+00  0.000E+00  1.814E+10  3.803E+12  1.463E+13  2.537E+13  3.134E+13  2.982E+13  2.149E+13  1.014E+13  1.099E+12  1.999E+08  0.000E+00  0.000E+00  0.000E+00  0.000E+00  0.000E+00  0.000E+00
  344.5000  0.000E+00  0.000E+00  0.000E+00  0.000E+00  0.000E+00  0.000E+00  0.000E+00  0.000E+00  1.233E+10  2.611E+12  1.018E+13  1.773E+13  2.194E+13  2.087E+13  1.500E+13  7.027E+12  7.478E+11  1.388E+08  0.000E+00  0.000E+00  0.000E+00  0.000E+00  0.000E+00  0.000E+00
  345.5000  0.000E+00  0.000E+00  0.000E+00  0.000E+00  0.000E+00  0.000E+00  0.000E+00  0.000E+00  1.840E+10  3.830E+12  1.448E+13  2.501E+13  3.087E+13  2.938E+13  2.121E+13  1.008E+13  1.119E+12  2.005E+08  0.000E+00  0.000E+00  0.000E+00  0.000E+00  0.000E+00  0.000E+00
  346.5000  0.000E+00  0.000E+00  0.000E+00  0.000E+00  0.000E+00  0.000E+00  0.000E+00  0.000E+00  1.637E+10  3.462E+12  1.335E+13  2.322E+13  2.873E+13  2.733E+13  1.965E+13  9.239E+12  9.969E+11  1.841E+08  0.000E+00  0.000E+00  0.000E+00  0.000E+00  0.000E+00  0.000E+00
  347.5000  0.000E+00  0.000E+00  0.000E+00  0.000E+00  0.000E+00  0.000E+00  0.000E+00  0.000E+00  1.610E+10  3.413E+12  1.314E+13  2.287E+13  2.830E+13  2.692E+13  1.935E+13  9.097E+12  9.832E+11  1.817E+08  0.000E+00  0.000E+00  0.000E+00  0.000E+00  0.000E+00  0.000E+00
  348.5000  0.000E+00  0.000E+00  0.000E+00  0.000E+00  0.000E+00  0.000E+00  0.000E+00  0.000E+00  1.804E+10  3.820E+12  1.462E+13  2.542E+13  3.145E+13  2.991E+13  2.151E+13  1.014E+13  1.105E+12  2.033E+08  0.000E+00  0.000E+00  0.000E+00  0.000E+00  0.000E+00  0.000E+00
  349.5000  0.000E+00  0.000E+00  0.000E+00  0.000E+00  0.000E+00  0.000E+00  0.000E+00  0.000E+00  1.509E+10  3.210E+12  1.230E+13  2.142E+13  2.652E+13  2.522E+13  1.812E+13  8.525E+12  9.265E+11  1.714E+08  0.000E+00  0.000E+00  0.000E+00  0.000E+00  0.000E+00  0.000E+00
  350.5000  0.000E+00  0.000E+00  0.000E+00  0.000E+00  0.000E+00  0.000E+00  0.000E+00  0.000E+00  2.122E+10  4.528E+12  1.734E+13  3.022E+13  3.742E+13  3.559E+13  2.555E+13  1.202E+13  1.307E+12  2.422E+08  0.000E+00  0.000E+00  0.000E+00  0.000E+00  0.000E+00  0.000E+00
  351.5000  0.000E+00  0.000E+00  0.000E+00  0.000E+00  0.000E+00  0.000E+00  0.000E+00  0.000E+00  1.818E+10  3.899E+12  1.498E+13  2.616E+13  3.242E+13  3.083E+13  2.211E+13  1.037E+13  1.122E+12  2.095E+08  0.000E+00  0.000E+00  0.000E+00  0.000E+00  0.000E+00  0.000E+00
  352.5000  0.000E+00  0.000E+00  0.000E+00  0.000E+00  0.000E+00  0.000E+00  0.000E+00  0.000E+00  1.651E+10  3.548E+12  1.361E+13  2.378E+13  2.948E+13  2.803E+13  2.009E+13  9.425E+12  1.022E+12  1.909E+08  0.000E+00  0.000E+00  0.000E+00  0.000E+00  0.000E+00  0.000E+00
  353.5000  0.000E+00  0.000E+00  0.000E+00  0.000E+00  0.000E+00  0.000E+00  0.000E+00  0.000E+00  2.007E+10  4.321E+12  1.653E+13  2.889E+13  3.580E+13  3.405E+13  2.440E+13  1.145E+13  1.246E+12  2.327E+08  0.000E+00  0.000E+00  0.000E+00  0.000E+00  0.000E+00  0.000E+00
  354.5000  0.000E+00  0.000E+00  0.000E+00  0.000E+00  0.000E+00  0.000E+00  0.000E+00  0.000E+00  2.191E+10  4.726E+12  1.804E+13  3.153E+13  3.909E+13  3.717E+13  2.663E+13  1.250E+13  1.364E+12  2.547E+08  0.000E+00  0.000E+00  0.000E+00  0.000E+00  0.000E+00  0.000E+00
  355.5000  0.000E+00  0.000E+00  0.000E+00  0.000E+00  0.000E+00  0.000E+00  0.000E+00  0.000E+00  2.050E+10  4.438E+12  1.695E+13  2.966E+13  3.679E+13  3.498E+13  2.504E+13  1.174E+13  1.280E+12  2.398E+08  0.000E+00  0.000E+00  0.000E+00  0.000E+00  0.000E+00  0.000E+00
  356.5000  0.000E+00  0.000E+00  0.000E+00  0.000E+00  0.000E+00  0.000E+00  0.000E+00  0.000E+00  1.903E+10  4.135E+12  1.581E+13  2.770E+13  3.437E+13  3.268E+13  2.338E+13  1.094E+13  1.191E+12  2.241E+08  0.000E+00  0.000E+00  0.000E+00  0.000E+00  0.000E+00  0.000E+00
  357.5000  0.000E+00  0.000E+00  0.000E+00  0.000E+00  0.000E+00  0.000E+00  0.000E+00  0.000E+00  1.616E+10  3.527E+12  1.350E+13  2.370E+13  2.942E+13  2.796E+13  1.999E+13  9.342E+12  1.014E+12  1.917E+08  0.000E+00  0.000E+00  0.000E+00  0.000E+00  0.000E+00  0.000E+00
  358.5000  0.000E+00  0.000E+00  0.000E+00  0.000E+00  0.000E+00  0.000E+00  0.000E+00  0.000E+00  1.253E+10  2.742E+12  1.049E+13  1.843E+13  2.288E+13  2.175E+13  1.554E+13  7.257E+12  7.885E+11  1.493E+08  0.000E+00  0.000E+00  0.000E+00  0.000E+00  0.000E+00  0.000E+00
  359.5000  0.000E+00  0.000E+00  0.000E+00  0.000E+00  0.000E+00  0.000E+00  0.000E+00  0.000E+00  2.109E+10  4.634E+12  1.774E+13  3.121E+13  3.877E+13  3.685E+13  2.631E+13  1.227E+13  1.332E+12  2.529E+08  0.000E+00  0.000E+00  0.000E+00  0.000E+00  0.000E+00  0.000E+00
  360.5000  0.000E+00  0.000E+00  0.000E+00  0.000E+00  0.000E+00  0.000E+00  0.000E+00  0.000E+00  1.956E+10  4.316E+12  1.653E+13  2.912E+13  3.619E+13  3.440E+13  2.454E+13  1.143E+13  1.239E+12  2.361E+08  0.000E+00  0.000E+00  0.000E+00  0.000E+00  0.000E+00  0.000E+00
  361.5000  0.000E+00  0.000E+00  0.000E+00  0.000E+00  0.000E+00  0.000E+00  0.000E+00  0.000E+00  1.768E+10  3.916E+12  1.500E+13  2.645E+13  3.287E+13  3.124E+13  2.228E+13  1.037E+13  1.124E+12  2.146E+08  0.000E+00  0.000E+00  0.000E+00  0.000E+00  0.000E+00  0.000E+00
  362.5000  0.000E+00  0.000E+00  0.000E+00  0.000E+00  0.000E+00  0.000E+00  0.000E+00  0.000E+00  2.083E+10  4.624E+12  1.772E+13  3.128E+13  3.889E+13  3.696E+13  2.634E+13  1.224E+13  1.326E+12  2.541E+08  0.000E+00  0.000E+00  0.000E+00  0.000E+00  0.000E+00  0.000E+00
  363.5000  0.000E+00  0.000E+00  0.000E+00  0.000E+00  0.000E+00  0.000E+00  0.000E+00  0.000E+00  1.854E+10  4.133E+12  1.584E+13  2.801E+13  3.484E+13  3.311E+13  2.358E+13  1.094E+13  1.184E+12  2.276E+08  0.000E+00  0.000E+00  0.000E+00  0.000E+00  0.000E+00  0.000E+00
  364.5000  0.000E+00  0.000E+00  0.000E+00  0.000E+00  0.000E+00  0.000E+00  0.000E+00  0.000E+00  2.023E+10  4.526E+12  1.737E+13  3.075E+13  3.827E+13  3.636E+13  2.587E+13  1.199E+13  1.295E+12  2.500E+08  0.000E+00  0.000E+00  0.000E+00  0.000E+00  0.000E+00  0.000E+00
  365.5000  0.000E+00  0.000E+00  0.000E+00  0.000E+00  0.000E+00  0.000E+00  0.000E+00  0.000E+00  2.460E+10  5.533E+12  2.127E+13  3.771E+13  4.694E+13  4.460E+13  3.171E+13  1.467E+13  1.581E+12  3.063E+08  0.000E+00  0.000E+00  0.000E+00  0.000E+00  0.000E+00  0.000E+00
  366.5000  0.000E+00  0.000E+00  0.000E+00  0.000E+00  0.000E+00  0.000E+00  0.000E+00  0.000E+00  2.610E+10  5.888E+12  2.264E+13  4.019E+13  5.004E+13  4.755E+13  3.379E+13  1.561E+13  1.681E+12  3.267E+08  0.000E+00  0.000E+00  0.000E+00  0.000E+00  0.000E+00  0.000E+00
  367.5000  0.000E+00  0.000E+00  0.000E+00  0.000E+00  0.000E+00  0.000E+00  0.000E+00  0.000E+00  2.482E+10  5.620E+12  2.162E+13  3.843E+13  4.786E+13  4.547E+13  3.230E+13  1.490E+13  1.603E+12  3.125E+08  0.000E+00  0.000E+00  0.000E+00  0.000E+00  0.000E+00  0.000E+00
  368.5000  0.000E+00  0.000E+00  0.000E+00  0.000E+00  0.000E+00  0.000E+00  0.000E+00  0.000E+00  2.179E+10  4.958E+12  1.909E+13  3.399E+13  4.234E+13  4.023E+13  2.855E+13  1.315E+13  1.413E+12  2.762E+08  0.000E+00  0.000E+00  0.000E+00  0.000E+00  0.000E+00  0.000E+00
  369.5000  0.000E+00  0.000E+00  0.000E+00  0.000E+00  0.000E+00  0.000E+00  0.000E+00  0.000E+00  2.616E+10  5.973E+12  2.302E+13  4.104E+13  5.115E+13  4.859E+13  3.446E+13  1.584E+13  1.701E+12  3.336E+08  0.000E+00  0.000E+00  0.000E+00  0.000E+00  0.000E+00  0.000E+00
  370.5000  0.000E+00  0.000E+00  0.000E+00  0.000E+00  0.000E+00  0.000E+00  0.000E+00  0.000E+00  2.370E+10  5.443E+12  2.100E+13  3.749E+13  4.673E+13  4.439E+13  3.147E+13  1.444E+13  1.548E+12  3.045E+08  0.000E+00  0.000E+00  0.000E+00  0.000E+00  0.000E+00  0.000E+00
  371.5000  0.000E+00  0.000E+00  0.000E+00  0.000E+00  0.000E+00  0.000E+00  0.000E+00  0.000E+00  2.716E+10  6.256E+12  2.416E+13  4.319E+13  5.386E+13  5.116E+13  3.624E+13  1.660E+13  1.778E+12  3.508E+08  0.000E+00  0.000E+00  0.000E+00  0.000E+00  0.000E+00  0.000E+00
  372.5000  0.000E+00  0.000E+00  0.000E+00  0.000E+00  0.000E+00  0.000E+00  0.000E+00  0.000E+00  2.009E+10  4.642E+12  1.794E+13  3.212E+13  4.006E+13  3.805E+13  2.694E+13  1.232E+13  1.317E+12  2.609E+08  0.000E+00  0.000E+00  0.000E+00  0.000E+00  0.000E+00  0.000E+00
  373.5000  0.000E+00  0.000E+00  0.000E+00  0.000E+00  0.000E+00  0.000E+00  0.000E+00  0.000E+00  1.812E+10  4.212E+12  1.630E+13  2.923E+13  3.647E+13  3.464E+13  2.451E+13  1.119E+13  1.194E+12  2.371E+08  0.000E+00  0.000E+00  0.000E+00  0.000E+00  0.000E+00  0.000E+00
  374.5000  0.000E+00  0.000E+00  0.000E+00  0.000E+00  0.000E+00  0.000E+00  0.000E+00  0.000E+00  1.986E+10  4.643E+12  1.799E+13  3.229E+13  4.031E+13  3.828E+13  2.707E+13  1.234E+13  1.315E+12  2.618E+08  0.000E+00  0.000E+00  0.000E+00  0.000E+00  0.000E+00  0.000E+00
  375.5000  0.000E+00  0.000E+00  0.000E+00  0.000E+00  0.000E+00  0.000E+00  0.000E+00  0.000E+00  2.244E+10  5.262E+12  2.040E+13  3.669E+13  4.580E+13  4.350E+13  3.074E+13  1.399E+13  1.489E+12  2.975E+08  0.000E+00  0.000E+00  0.000E+00  0.000E+00  0.000E+00  0.000E+00
  376.5000  0.000E+00  0.000E+00  0.000E+00  0.000E+00  0.000E+00  0.000E+00  0.000E+00  0.000E+00  2.247E+10  5.277E+12  2.049E+13  3.689E+13  4.607E+13  4.375E+13  3.090E+13  1.403E+13  1.491E+12  2.992E+08  0.000E+00  0.000E+00  0.000E+00  0.000E+00  0.000E+00  0.000E+00
  377.5000  0.000E+00  0.000E+00  0.000E+00  0.000E+00  0.000E+00  0.000E+00  0.000E+00  0.000E+00  2.674E+10  6.312E+12  2.453E+13  4.423E+13  5.525E+13  5.247E+13  3.703E+13  1.679E+13  1.783E+12  3.585E+08  0.000E+00  0.000E+00  0.000E+00  0.000E+00  0.000E+00  0.000E+00
  378.5000  0.000E+00  0.000E+00  0.000E+00  0.000E+00  0.000E+00  0.000E+00  0.000E+00  0.000E+00  2.907E+10  6.907E+12  2.688E+13  4.854E+13  6.064E+13  5.758E+13  4.063E+13  1.839E+13  1.948E+12  3.929E+08  0.000E+00  0.000E+00  0.000E+00  0.000E+00  0.000E+00  0.000E+00
  379.5000  0.000E+00  0.000E+00  0.000E+00  0.000E+00  0.000E+00  0.000E+00  0.000E+00  0.000E+00  2.152E+10  5.131E+12  1.999E+13  3.616E+13  4.518E+13  4.290E+13  3.025E+13  1.367E+13  1.446E+12  2.926E+08  0.000E+00  0.000E+00  0.000E+00  0.000E+00  0.000E+00  0.000E+00
  380.5000  0.000E+00  0.000E+00  0.000E+00  0.000E+00  0.000E+00  0.000E+00  0.000E+00  0.000E+00  2.586E+10  6.199E+12  2.418E+13  4.379E+13  5.473E+13  5.197E+13  3.662E+13  1.651E+13  1.745E+12  3.540E+08  0.000E+00  0.000E+00  0.000E+00  0.000E+00  0.000E+00  0.000E+00
  381.5000  0.000E+00  0.000E+00  0.000E+00  0.000E+00  0.000E+00  0.000E+00  0.000E+00  0.000E+00  2.442E+10  5.850E+12  2.285E+13  4.143E+13  5.179E+13  4.918E+13  3.464E+13  1.559E+13  1.646E+12  3.352E+08  0.000E+00  0.000E+00  0.000E+00  0.000E+00  0.000E+00  0.000E+00
  382.5000  0.000E+00  0.000E+00  0.000E+00  0.000E+00  0.000E+00  0.000E+00  0.000E+00  0.000E+00  1.620E+10  3.915E+12  1.531E+13  2.780E+13  3.476E+13  3.300E+13  2.324E+13  1.044E+13  1.099E+12  2.245E+08  0.000E+00  0.000E+00  0.000E+00  0.000E+00  0.000E+00  0.000E+00
  383.5000  0.000E+00  0.000E+00  0.000E+00  0.000E+00  0.000E+00  0.000E+00  0.000E+00  0.000E+00  1.426E+10  3.452E+12  1.352E+13  2.458E+13  3.074E+13  2.919E+13  2.054E+13  9.208E+12  9.690E+11  1.985E+08  0.000E+00  0.000E+00  0.000E+00  0.000E+00  0.000E+00  0.000E+00
  384.5000  0.000E+00  0.000E+00  0.000E+00  0.000E+00  0.000E+00  0.000E+00  0.000E+00  0.000E+00  2.134E+10  5.202E+12  2.040E+13  3.714E+13  4.646E+13  4.411E+13  3.103E+13  1.388E+13  1.459E+12  2.994E+08  0.000E+00  0.000E+00  0.000E+00  0.000E+00  0.000E+00  0.000E+00
  385.5000  0.000E+00  0.000E+00  0.000E+00  0.000E+00  0.000E+00  0.000E+00  0.000E+00  0.000E+00  2.123E+10  5.169E+12  2.029E+13  3.701E+13  4.629E+13  4.395E+13  3.090E+13  1.380E+13  1.448E+12  2.986E+08  0.000E+00  0.000E+00  0.000E+00  0.000E+00  0.000E+00  0.000E+00
  386.5000  0.000E+00  0.000E+00  0.000E+00  0.000E+00  0.000E+00  0.000E+00  0.000E+00  0.000E+00  2.155E+10  5.292E+12  2.080E+13  3.798E+13  4.752E+13  4.512E+13  3.171E+13  1.413E+13  1.481E+12  3.058E+08  0.000E+00  0.000E+00  0.000E+00  0.000E+00  0.000E+00  0.000E+00
  387.5000  0.000E+00  0.000E+00  0.000E+00  0.000E+00  0.000E+00  0.000E+00  0.000E+00  0.000E+00  1.996E+10  4.938E+12  1.944E+13  3.555E+13  4.448E+13  4.223E+13  2.967E+13  1.320E+13  1.380E+12  2.857E+08  0.000E+00  0.000E+00  0.000E+00  0.000E+00  0.000E+00  0.000E+00
  388.5000  0.000E+00  0.000E+00  0.000E+00  0.000E+00  0.000E+00  0.000E+00  0.000E+00  0.000E+00  1.995E+10  4.970E+12  1.959E+13  3.588E+13  4.490E+13  4.263E+13  2.994E+13  1.329E+13  1.388E+12  2.879E+08  0.000E+00  0.000E+00  0.000E+00  0.000E+00  0.000E+00  0.000E+00
  389.5000  0.000E+00  0.000E+00  0.000E+00  0.000E+00  0.000E+00  0.000E+00  0.000E+00  0.000E+00  2.530E+10  6.294E+12  2.485E+13  4.557E+13  5.703E+13  5.415E+13  3.801E+13  1.684E+13  1.757E+12  3.657E+08  0.000E+00  0.000E+00  0.000E+00  0.000E+00  0.000E+00  0.000E+00
  390.5000  0.000E+00  0.000E+00  0.000E+00  0.000E+00  0.000E+00  0.000E+00  0.000E+00  0.000E+00  2.484E+10  6.209E+12  2.455E+13  4.507E+13  5.641E+13  5.356E+13  3.759E+13  1.662E+13  1.732E+12  3.614E+08  0.000E+00  0.000E+00  0.000E+00  0.000E+00  0.000E+00  0.000E+00
  391.5000  0.000E+00  0.000E+00  0.000E+00  0.000E+00  0.000E+00  0.000E+00  0.000E+00  0.000E+00  2.950E+10  7.396E+12  2.929E+13  5.384E+13  6.740E+13  6.400E+13  4.489E+13  1.981E+13  2.059E+12  4.314E+08  0.000E+00  0.000E+00  0.000E+00  0.000E+00  0.000E+00  0.000E+00
  392.5000  0.000E+00  0.000E+00  0.000E+00  0.000E+00  0.000E+00  0.000E+00  0.000E+00  0.000E+00  2.209E+10  5.571E+12  2.209E+13  4.066E+13  5.090E+13  4.833E+13  3.389E+13  1.493E+13  1.551E+12  3.254E+08  0.000E+00  0.000E+00  0.000E+00  0.000E+00  0.000E+00  0.000E+00
  393.5000  0.000E+00  0.000E+00  0.000E+00  0.000E+00  0.000E+00  0.000E+00  0.000E+00  0.000E+00  9.603E+09  2.432E+12  9.658E+12  1.780E+13  2.229E+13  2.116E+13  1.483E+13  6.520E+12  6.763E+11  1.423E+08  0.000E+00  0.000E+00  0.000E+00  0.000E+00  0.000E+00  0.000E+00
  394.5000  0.000E+00  0.000E+00  0.000E+00  0.000E+00  0.000E+00  0.000E+00  0.000E+00  0.000E+00  2.256E+10  5.746E+12  2.285E+13  4.218E+13  5.281E+13  5.015E+13  3.514E+13  1.542E+13  1.596E+12  3.367E+08  0.000E+00  0.000E+00  0.000E+00  0.000E+00  0.000E+00  0.000E+00
  395.5000  0.000E+00  0.000E+00  0.000E+00  0.000E+00  0.000E+00  0.000E+00  0.000E+00  0.000E+00  2.897E+10  7.423E+12  2.957E+13  5.465E+13  6.843E+13  6.498E+13  4.552E+13  1.993E+13  2.059E+12  4.355E+08  0.000E+00  0.000E+00  0.000E+00  0.000E+00  0.000E+00  0.000E+00
  396.5000  0.000E+00  0.000E+00  0.000E+00  0.000E+00  0.000E+00  0.000E+00  0.000E+00  0.000E+00  1.705E+10  4.377E+12  1.747E+13  3.232E+13  4.047E+13  3.843E+13  2.691E+13  1.176E+13  1.213E+12  2.574E+08  0.000E+00  0.000E+00  0.000E+00  0.000E+00  0.000E+00  0.000E+00
  397.5000  0.000E+00  0.000E+00  0.000E+00  0.000E+00  0.000E+00  0.000E+00  0.000E+00  0.000E+00  1.967E+10  5.073E+12  2.028E+13  3.756E+13  4.703E+13  4.466E+13  3.127E+13  1.363E+13  1.405E+12  2.988E+08  0.000E+00  0.000E+00  0.000E+00  0.000E+00  0.000E+00  0.000E+00
  398.5000  0.000E+00  0.000E+00  0.000E+00  0.000E+00  0.000E+00  0.000E+00  0.000E+00  0.000E+00  3.390E+10  8.754E+12  3.504E+13  6.500E+13  8.139E+13  7.729E+13  5.410E+13  2.354E+13  2.423E+12  5.168E+08  0.000E+00  0.000E+00  0.000E+00  0.000E+00  0.000E+00  0.000E+00
  399.5000  0.000E+00  0.000E+00  0.000E+00  0.000E+00  0.000E+00  0.000E+00  0.000E+00  0.000E+00  3.511E+10  9.144E+12  3.666E+13  6.808E+13  8.525E+13  8.095E+13  5.666E+13  2.460E+13  2.528E+12  5.401E+08  0.000E+00  0.000E+00  0.000E+00  0.000E+00  0.000E+00  0.000E+00
  400.5000  0.000E+00  0.000E+00  0.000E+00  0.000E+00  0.000E+00  0.000E+00  0.000E+00  0.000E+00  3.683E+10  9.652E+12  3.877E+13  7.208E+13  9.026E+13  8.571E+13  5.998E+13  2.599E+13  2.666E+12  5.709E+08  0.000E+00  0.000E+00  0.000E+00  0.000E+00  0.000E+00  0.000E+00
  401.5000  0.000E+00  0.000E+00  0.000E+00  0.000E+00  0.000E+00  0.000E+00  0.000E+00  0.000E+00  3.801E+10  9.971E+12  4.012E+13  7.469E+13  9.352E+13  8.881E+13  6.213E+13  2.687E+13  2.752E+12  5.912E+08  0.000E+00  0.000E+00  0.000E+00  0.000E+00  0.000E+00  0.000E+00
  402.5000  0.000E+00  0.000E+00  0.000E+00  0.000E+00  0.000E+00  0.000E+00  0.000E+00  0.000E+00  3.928E+10  1.039E+13  4.190E+13  7.808E+13  9.777E+13  9.284E+13  6.494E+13  2.803E+13  2.865E+12  6.166E+08  0.000E+00  0.000E+00  0.000E+00  0.000E+00  0.000E+00  0.000E+00
  403.5000  0.000E+00  0.000E+00  0.000E+00  0.000E+00  0.000E+00  0.000E+00  0.000E+00  0.000E+00  3.602E+10  9.554E+12  3.858E+13  7.197E+13  9.012E+13  8.558E+13  5.985E+13  2.578E+13  2.632E+12  5.678E+08  0.000E+00  0.000E+00  0.000E+00  0.000E+00  0.000E+00  0.000E+00
  404.5000  0.000E+00  0.000E+00  0.000E+00  0.000E+00  0.000E+00  0.000E+00  0.000E+00  0.000E+00  3.534E+10  9.411E+12  3.807E+13  7.109E+13  8.901E+13  8.453E+13  5.911E+13  2.541E+13  2.591E+12  5.602E+08  0.000E+00  0.000E+00  0.000E+00  0.000E+00  0.000E+00  0.000E+00
  405.5000  0.000E+00  0.000E+00  0.000E+00  0.000E+00  0.000E+00  0.000E+00  0.000E+00  0.000E+00  3.676E+10  9.817E+12  3.978E+13  7.437E+13  9.312E+13  8.844E+13  6.183E+13  2.652E+13  2.700E+12  5.855E+08  0.000E+00  0.000E+00  0.000E+00  0.000E+00  0.000E+00  0.000E+00
  406.5000  0.000E+00  0.000E+00  0.000E+00  0.000E+00  0.000E+00  0.000E+00  0.000E+00  0.000E+00  3.449E+10  9.284E+12  3.769E+13  7.054E+13  8.831E+13  8.388E+13  5.864E+13  2.510E+13  2.551E+12  5.541E+08  0.000E+00  0.000E+00  0.000E+00  0.000E+00  0.000E+00  0.000E+00
  407.5000  0.000E+00  0.000E+00  0.000E+00  0.000E+00  0.000E+00  0.000E+00  0.000E+00  0.000E+00  3.478E+10  9.396E+12  3.822E+13  7.162E+13  8.965E+13  8.515E+13  5.952E+13  2.543E+13  2.579E+12  5.617E+08  0.000E+00  0.000E+00  0.000E+00  0.000E+00  0.000E+00  0.000E+00
  408.5000  0.000E+00  0.000E+00  0.000E+00  0.000E+00  0.000E+00  0.000E+00  0.000E+00  0.000E+00  3.872E+10  1.051E+13  4.282E+13  8.032E+13  1.005E+14  9.549E+13  6.675E+13  2.846E+13  2.882E+12  6.290E+08  0.000E+00  0.000E+00  0.000E+00  0.000E+00  0.000E+00  0.000E+00
  409.5000  0.000E+00  0.000E+00  0.000E+00  0.000E+00  0.000E+00  0.000E+00  0.000E+00  0.000E+00  3.788E+10  1.034E+13  4.223E+13  7.929E+13  9.924E+13  9.427E+13  6.588E+13  2.803E+13  2.834E+12  6.198E+08  0.000E+00  0.000E+00  0.000E+00  0.000E+00  0.000E+00  0.000E+00
  410.5000  0.000E+00  0.000E+00  0.000E+00  0.000E+00  0.000E+00  0.000E+00  0.000E+00  0.000E+00  3.288E+10  9.003E+12  3.684E+13  6.924E+13  8.666E+13  8.232E+13  5.753E+13  2.443E+13  2.465E+12  5.405E+08  0.000E+00  0.000E+00  0.000E+00  0.000E+00  0.000E+00  0.000E+00
  411.5000  0.000E+00  0.000E+00  0.000E+00  0.000E+00  0.000E+00  0.000E+00  0.000E+00  0.000E+00  3.943E+10  1.087E+13  4.455E+13  8.382E+13  1.049E+14  9.964E+13  6.963E+13  2.951E+13  2.974E+12  6.531E+08  0.000E+00  0.000E+00  0.000E+00  0.000E+00  0.000E+00  0.000E+00
  412.5000  0.000E+00  0.000E+00  0.000E+00  0.000E+00  0.000E+00  0.000E+00  0.000E+00  0.000E+00  3.913E+10  1.082E+13  4.443E+13  8.366E+13  1.047E+14  9.945E+13  6.950E+13  2.939E+13  2.958E+12  6.512E+08  0.000E+00  0.000E+00  0.000E+00  0.000E+00  0.000E+00  0.000E+00
  413.5000  0.000E+00  0.000E+00  0.000E+00  0.000E+00  0.000E+00  0.000E+00  0.000E+00  0.000E+00  3.791E+10  1.054E+13  4.336E+13  8.171E+13  1.022E+14  9.712E+13  6.788E+13  2.865E+13  2.878E+12  6.350E+08  0.000E+00  0.000E+00  0.000E+00  0.000E+00  0.000E+00  0.000E+00
  414.5000  0.000E+00  0.000E+00  0.000E+00  0.000E+00  0.000E+00  0.000E+00  0.000E+00  0.000E+00  3.895E+10  1.087E+13  4.483E+13  8.457E+13  1.058E+14  1.005E+14  7.025E+13  2.959E+13  2.968E+12  6.562E+08  0.000E+00  0.000E+00  0.000E+00  0.000E+00  0.000E+00  0.000E+00
  415.5000  0.000E+00  0.000E+00  0.000E+00  0.000E+00  0.000E+00  0.000E+00  0.000E+00  0.000E+00  3.730E+10  1.044E+13  4.314E+13  8.145E+13  1.019E+14  9.680E+13  6.765E+13  2.844E+13  2.848E+12  6.311E+08  0.000E+00  0.000E+00  0.000E+00  0.000E+00  0.000E+00  0.000E+00
  416.5000  0.000E+00  0.000E+00  0.000E+00  0.000E+00  0.000E+00  0.000E+00  0.000E+00  0.000E+00  4.039E+10  1.141E+13  4.724E+13  8.926E+13  1.116E+14  1.061E+14  7.413E+13  3.110E+13  3.108E+12  6.900E+08  0.000E+00  0.000E+00  0.000E+00  0.000E+00  0.000E+00  0.000E+00
  417.5000  0.000E+00  0.000E+00  0.000E+00  0.000E+00  0.000E+00  0.000E+00  0.000E+00  0.000E+00  3.694E+10  1.047E+13  4.344E+13  8.217E+13  1.027E+14  9.763E+13  6.823E+13  2.857E+13  2.850E+12  6.341E+08  0.000E+00  0.000E+00  0.000E+00  0.000E+00  0.000E+00  0.000E+00
  418.5000  0.000E+00  0.000E+00  0.000E+00  0.000E+00  0.000E+00  0.000E+00  0.000E+00  0.000E+00  3.732E+10  1.059E+13  4.406E+13  8.339E+13  1.043E+14  9.907E+13  6.925E+13  2.894E+13  2.883E+12  6.430E+08  0.000E+00  0.000E+00  0.000E+00  0.000E+00  0.000E+00  0.000E+00
  419.5000  0.000E+00  0.000E+00  0.000E+00  0.000E+00  0.000E+00  0.000E+00  0.000E+00  0.000E+00  3.846E+10  1.099E+13  4.579E+13  8.675E+13  1.084E+14  1.030E+14  7.203E+13  3.005E+13  2.989E+12  6.675E+08  0.000E+00  0.000E+00  0.000E+00  0.000E+00  0.000E+00  0.000E+00
------------------------------------------------------------
Photolysis rate coefficients, s-1
   1 = O3 -> O2 + O(1D)                                  
   2 = NO2 -> NO + O(3P)                                 
   3 = HNO2 -> OH + NO                                   
   4 = HNO3 -> OH + NO2                                  
   5 = ClNO2 -> Cl + NO2                                 
values at z =      0.263 km
Columns: time, sza, photo-reactions
time, hrs.  sza, deg.          1          2          3          4          5
    0.0000    146.733  0.000E+00  0.000E+00  0.000E+00  0.000E+00  0.000E+00
    1.0000    145.991  0.000E+00  0.000E+00  0.000E+00  0.000E+00  0.000E+00
    2.0000    141.911  0.000E+00  0.000E+00  0.000E+00  0.000E+00  0.000E+00
    3.0000    135.500  0.000E+00  0.000E+00  0.000E+00  0.000E+00  0.000E+00
    4.0000    127.777  0.000E+00  0.000E+00  0.000E+00  0.000E+00  0.000E+00
    5.0000    119.467  0.000E+00  0.000E+00  0.000E+00  0.000E+00  0.000E+00
    6.0000    111.066  0.000E+00  0.000E+00  0.000E+00  0.000E+00  0.000E+00
    7.0000    102.954  0.000E+00  0.000E+00  0.000E+00  0.000E+00  0.000E+00
    8.0000     95.470  3.591E-10  8.609E-07  1.422E-07  1.384E-11  3.275E-08
    9.0000     88.950  5.694E-08  2.031E-04  3.170E-05  2.580E-09  7.016E-06
   10.0000     83.740  2.706E-07  8.014E-04  1.236E-04  1.265E-08  2.893E-05
   11.0000     80.174  5.911E-07  1.450E-03  2.197E-04  2.578E-08  5.238E-05
   12.0000     78.523  8.144E-07  1.811E-03  2.734E-04  3.402E-08  6.571E-05
   13.0000     78.928  7.545E-07  1.720E-03  2.598E-04  3.187E-08  6.231E-05
   14.0000     81.351  4.636E-07  1.214E-03  1.847E-04  2.078E-08  4.382E-05
   15.0000     85.596  1.681E-07  5.453E-04  8.488E-05  7.967E-09  1.953E-05
   16.0000     91.358  1.848E-08  5.718E-05  9.029E-06  7.481E-10  1.986E-06
   17.0000     98.294  5.948E-12  1.155E-08  1.753E-09  2.019E-13  4.015E-10
   18.0000    106.059  0.000E+00  0.000E+00  0.000E+00  0.000E+00  0.000E+00
   19.0000    114.320  0.000E+00  0.000E+00  0.000E+00  0.000E+00  0.000E+00
   20.0000    122.728  0.000E+00  0.000E+00  0.000E+00  0.000E+00  0.000E+00
   21.0000    130.866  0.000E+00  0.000E+00  0.000E+00  0.000E+00  0.000E+00
   22.0000    138.162  0.000E+00  0.000E+00  0.000E+00  0.000E+00  0.000E+00
   23.0000    143.771  0.000E+00  0.000E+00  0.000E+00  0.000E+00  0.000E+00
------------------------------------------------------------
