Spectral actinic flux, quanta cm-2 s-1 nm-1
values at z =      0.263 km
Columns: wavelength (nm), times (hrs.) or sza (deg.)
    wc, nm      0.000      1.000      2.000      3.000      4.000      5.000      6.000      7.000      8.000      9.000     10.000     11.000     12.000     13.000     14.000     15.000     16.000     17.000     18.000     19.000     20.000     21.000     22.000     23.000
    sza =     146.066    145.461    141.523    135.217    127.554    119.265    110.855    102.711     95.174     88.584     83.292     79.638     77.902     78.233     80.602     84.810     90.552     97.477    105.239    113.499    121.906    130.044    137.346    142.986
  290.5000  0.000E+00  0.000E+00  0.000E+00  0.000E+00  0.000E+00  0.000E+00  0.000E+00  0.000E+00  0.000E+00  0.000E+00  0.000E+00  0.000E+00  0.000E+00  0.000E+00  0.000E+00  0.000E+00  0.000E+00  0.000E+00  0.000E+00  0.000E+00  0.000E+00  0.000E+00  0.000E+00  0.000E+00
  291.5000  0.000E+00  0.000E+00  0.000E+00  0.000E+00  0.000E+00  0.000E+00  0.000E+00  0.000E+00  1.830E+03  1.738E+05  3.596E+05  4.972E+05  5.699E+05  5.556E+05  4.591E+05  3.062E+05  9.997E+04  9.229E+01  0.000E+00  0.000E+00  0.000E+00  0.000E+00  0.000E+00  0.000E+00
  292.5000  0.000E+00  0.000E+00  0.000E+00  0.000E+00  0.000E+00  0.000E+00  0.000E+00  0.000E+00  6.057E+03  5.642E+05  1.178E+06  1.641E+06  1.889E+06  1.840E+06  1.512E+06  9.996E+05  3.293E+05  3.084E+02  0.000E+00  0.000E+00  0.000E+00  0.000E+00  0.000E+00  0.000E+00
  293.5000  0.000E+00  0.000E+00  0.000E+00  0.000E+00  0.000E+00  0.000E+00  0.000E+00  0.000E+00  2.404E+04  2.196E+06  4.634E+06  6.522E+06  7.547E+06  7.343E+06  5.993E+06  3.920E+06  1.263E+06  1.231E+03  0.000E+00  0.000E+00  0.000E+00  0.000E+00  0.000E+00  0.000E+00
  294.5000  0.000E+00  0.000E+00  0.000E+00  0.000E+00  0.000E+00  0.000E+00  0.000E+00  0.000E+00  5.984E+04  5.377E+06  1.148E+07  1.631E+07  1.897E+07  1.844E+07  1.495E+07  9.672E+06  3.086E+06  3.073E+03  0.000E+00  0.000E+00  0.000E+00  0.000E+00  0.000E+00  0.000E+00
  295.5000  0.000E+00  0.000E+00  0.000E+00  0.000E+00  0.000E+00  0.000E+00  0.000E+00  0.000E+00  2.047E+05  1.808E+07  3.920E+07  5.647E+07  6.615E+07  6.421E+07  5.156E+07  3.286E+07  1.035E+07  1.049E+04  0.000E+00  0.000E+00  0.000E+00  0.000E+00  0.000E+00  0.000E+00
  296.5000  0.000E+00  0.000E+00  0.000E+00  0.000E+00  0.000E+00  0.000E+00  0.000E+00  0.000E+00  4.738E+05  4.122E+07  9.098E+07  1.330E+08  1.570E+08  1.521E+08  1.209E+08  7.586E+07  2.344E+07  2.416E+04  0.000E+00  0.000E+00  0.000E+00  0.000E+00  0.000E+00  0.000E+00
  297.5000  0.000E+00  0.000E+00  0.000E+00  0.000E+00  0.000E+00  0.000E+00  0.000E+00  0.000E+00  1.189E+06  1.021E+08  2.299E+08  3.416E+08  4.066E+08  3.934E+08  3.092E+08  1.905E+08  5.796E+07  6.011E+04  0.000E+00  0.000E+00  0.000E+00  0.000E+00  0.000E+00  0.000E+00
  298.5000  0.000E+00  0.000E+00  0.000E+00  0.000E+00  0.000E+00  0.000E+00  0.000E+00  0.000E+00  1.818E+06  1.545E+08  3.555E+08  5.375E+08  6.460E+08  6.238E+08  4.842E+08  2.925E+08  8.723E+07  9.094E+04  0.000E+00  0.000E+00  0.000E+00  0.000E+00  0.000E+00  0.000E+00
  299.5000  0.000E+00  0.000E+00  0.000E+00  0.000E+00  0.000E+00  0.000E+00  0.000E+00  0.000E+00  5.223E+06  4.397E+08  1.039E+09  1.606E+09  1.956E+09  1.883E+09  1.438E+09  8.480E+08  2.467E+08  2.575E+05  0.000E+00  0.000E+00  0.000E+00  0.000E+00  0.000E+00  0.000E+00
  300.5000  0.000E+00  0.000E+00  0.000E+00  0.000E+00  0.000E+00  0.000E+00  0.000E+00  0.000E+00  6.067E+06  5.135E+08  1.231E+09  1.945E+09  2.406E+09  2.308E+09  1.730E+09  9.970E+08  2.827E+08  2.946E+05  0.000E+00  0.000E+00  0.000E+00  0.000E+00  0.000E+00  0.000E+00
  301.5000  0.000E+00  0.000E+00  0.000E+00  0.000E+00  0.000E+00  0.000E+00  0.000E+00  0.000E+00  1.550E+07  1.298E+09  3.251E+09  5.310E+09  6.748E+09  6.436E+09  4.673E+09  2.603E+09  7.122E+08  7.356E+05  0.000E+00  0.000E+00  0.000E+00  0.000E+00  0.000E+00  0.000E+00
  302.5000  0.000E+00  0.000E+00  0.000E+00  0.000E+00  0.000E+00  0.000E+00  0.000E+00  0.000E+00  2.317E+07  1.943E+09  5.005E+09  8.437E+09  1.101E+10  1.044E+10  7.345E+09  3.970E+09  1.054E+09  1.080E+06  0.000E+00  0.000E+00  0.000E+00  0.000E+00  0.000E+00  0.000E+00
  303.5000  0.000E+00  0.000E+00  0.000E+00  0.000E+00  0.000E+00  0.000E+00  0.000E+00  0.000E+00  5.006E+07  4.173E+09  1.135E+10  2.024E+10  2.763E+10  2.595E+10  1.728E+10  8.878E+09  2.250E+09  2.265E+06  0.000E+00  0.000E+00  0.000E+00  0.000E+00  0.000E+00  0.000E+00
  304.5000  0.000E+00  0.000E+00  0.000E+00  0.000E+00  0.000E+00  0.000E+00  0.000E+00  0.000E+00  6.365E+07  5.322E+09  1.497E+10  2.793E+10  3.936E+10  3.675E+10  2.348E+10  1.158E+10  2.840E+09  2.826E+06  0.000E+00  0.000E+00  0.000E+00  0.000E+00  0.000E+00  0.000E+00
  305.5000  0.000E+00  0.000E+00  0.000E+00  0.000E+00  0.000E+00  0.000E+00  0.000E+00  0.000E+00  1.074E+08  9.041E+09  2.735E+10  5.601E+10  8.297E+10  7.679E+10  4.574E+10  2.066E+10  4.751E+09  4.585E+06  0.000E+00  0.000E+00  0.000E+00  0.000E+00  0.000E+00  0.000E+00
  306.5000  0.000E+00  0.000E+00  0.000E+00  0.000E+00  0.000E+00  0.000E+00  0.000E+00  0.000E+00  1.260E+08  1.071E+10  3.350E+10  7.207E+10  1.089E+11  1.005E+11  5.805E+10  2.496E+10  5.552E+09  5.290E+06  0.000E+00  0.000E+00  0.000E+00  0.000E+00  0.000E+00  0.000E+00
  307.5000  0.000E+00  0.000E+00  0.000E+00  0.000E+00  0.000E+00  0.000E+00  0.000E+00  0.000E+00  2.316E+08  2.009E+10  6.953E+10  1.660E+11  2.574E+11  2.367E+11  1.306E+11  4.990E+10  1.017E+10  9.287E+06  0.000E+00  0.000E+00  0.000E+00  0.000E+00  0.000E+00  0.000E+00
  308.5000  0.000E+00  0.000E+00  0.000E+00  0.000E+00  0.000E+00  0.000E+00  0.000E+00  0.000E+00  2.883E+08  2.533E+10  9.166E+10  2.274E+11  3.542E+11  3.258E+11  1.776E+11  6.461E+10  1.264E+10  1.134E+07  0.000E+00  0.000E+00  0.000E+00  0.000E+00  0.000E+00  0.000E+00
  309.5000  0.000E+00  0.000E+00  0.000E+00  0.000E+00  0.000E+00  0.000E+00  0.000E+00  0.000E+00  3.083E+08  2.787E+10  1.119E+11  2.936E+11  4.559E+11  4.201E+11  2.278E+11  7.595E+10  1.354E+10  1.164E+07  0.000E+00  0.000E+00  0.000E+00  0.000E+00  0.000E+00  0.000E+00
  310.5000  0.000E+00  0.000E+00  0.000E+00  0.000E+00  0.000E+00  0.000E+00  0.000E+00  0.000E+00  4.916E+08  4.558E+10  2.000E+11  5.378E+11  8.270E+11  7.639E+11  4.176E+11  1.321E+11  2.166E+10  1.791E+07  0.000E+00  0.000E+00  0.000E+00  0.000E+00  0.000E+00  0.000E+00
  311.5000  0.000E+00  0.000E+00  0.000E+00  0.000E+00  0.000E+00  0.000E+00  0.000E+00  0.000E+00  7.065E+08  6.690E+10  3.138E+11  8.498E+11  1.294E+12  1.198E+12  6.616E+11  2.035E+11  3.126E+10  2.513E+07  0.000E+00  0.000E+00  0.000E+00  0.000E+00  0.000E+00  0.000E+00
  312.5000  0.000E+00  0.000E+00  0.000E+00  0.000E+00  0.000E+00  0.000E+00  0.000E+00  0.000E+00  8.610E+08  8.633E+10  4.578E+11  1.220E+12  1.810E+12  1.684E+12  9.608E+11  2.898E+11  3.872E+10  2.886E+07  0.000E+00  0.000E+00  0.000E+00  0.000E+00  0.000E+00  0.000E+00
  313.5000  0.000E+00  0.000E+00  0.000E+00  0.000E+00  0.000E+00  0.000E+00  0.000E+00  0.000E+00  1.040E+09  1.057E+11  5.755E+11  1.523E+12  2.244E+12  2.092E+12  1.203E+12  3.630E+11  4.694E+10  3.439E+07  0.000E+00  0.000E+00  0.000E+00  0.000E+00  0.000E+00  0.000E+00
  314.5000  0.000E+00  0.000E+00  0.000E+00  0.000E+00  0.000E+00  0.000E+00  0.000E+00  0.000E+00  1.309E+09  1.441E+11  8.590E+11  2.163E+12  3.090E+12  2.897E+12  1.737E+12  5.408E+11  6.081E+10  4.050E+07  0.000E+00  0.000E+00  0.000E+00  0.000E+00  0.000E+00  0.000E+00
  315.5000  0.000E+00  0.000E+00  0.000E+00  0.000E+00  0.000E+00  0.000E+00  0.000E+00  0.000E+00  1.425E+09  1.584E+11  9.524E+11  2.376E+12  3.379E+12  3.170E+12  1.914E+12  6.005E+11  6.638E+10  4.354E+07  0.000E+00  0.000E+00  0.000E+00  0.000E+00  0.000E+00  0.000E+00
  316.5000  0.000E+00  0.000E+00  0.000E+00  0.000E+00  0.000E+00  0.000E+00  0.000E+00  0.000E+00  1.772E+09  2.162E+11  1.338E+12  3.141E+12  4.343E+12  4.096E+12  2.572E+12  8.574E+11  8.595E+10  5.068E+07  0.000E+00  0.000E+00  0.000E+00  0.000E+00  0.000E+00  0.000E+00
  317.5000  0.000E+00  0.000E+00  0.000E+00  0.000E+00  0.000E+00  0.000E+00  0.000E+00  0.000E+00  2.529E+09  3.067E+11  1.900E+12  4.466E+12  6.181E+12  5.828E+12  3.655E+12  1.216E+12  1.222E+11  7.248E+07  0.000E+00  0.000E+00  0.000E+00  0.000E+00  0.000E+00  0.000E+00
  318.5000  0.000E+00  0.000E+00  0.000E+00  0.000E+00  0.000E+00  0.000E+00  0.000E+00  0.000E+00  2.555E+09  3.457E+11  2.091E+12  4.584E+12  6.166E+12  5.844E+12  3.817E+12  1.376E+12  1.305E+11  6.793E+07  0.000E+00  0.000E+00  0.000E+00  0.000E+00  0.000E+00  0.000E+00
  319.5000  0.000E+00  0.000E+00  0.000E+00  0.000E+00  0.000E+00  0.000E+00  0.000E+00  0.000E+00  3.323E+09  4.571E+11  2.731E+12  5.908E+12  7.907E+12  7.501E+12  4.935E+12  1.808E+12  1.713E+11  8.703E+07  0.000E+00  0.000E+00  0.000E+00  0.000E+00  0.000E+00  0.000E+00
  320.5000  0.000E+00  0.000E+00  0.000E+00  0.000E+00  0.000E+00  0.000E+00  0.000E+00  0.000E+00  4.332E+09  6.134E+11  3.609E+12  7.677E+12  1.021E+13  9.697E+12  6.439E+12  2.409E+12  2.271E+11  1.118E+08  0.000E+00  0.000E+00  0.000E+00  0.000E+00  0.000E+00  0.000E+00
  321.5000  0.000E+00  0.000E+00  0.000E+00  0.000E+00  0.000E+00  0.000E+00  0.000E+00  0.000E+00  5.172E+09  8.125E+11  4.251E+12  8.359E+12  1.081E+13  1.031E+13  7.138E+12  2.953E+12  2.938E+11  1.217E+08  0.000E+00  0.000E+00  0.000E+00  0.000E+00  0.000E+00  0.000E+00
  322.5000  0.000E+00  0.000E+00  0.000E+00  0.000E+00  0.000E+00  0.000E+00  0.000E+00  0.000E+00  3.993E+09  5.771E+11  3.343E+12  7.009E+12  9.275E+12  8.817E+12  5.898E+12  2.247E+12  2.119E+11  1.018E+08  0.000E+00  0.000E+00  0.000E+00  0.000E+00  0.000E+00  0.000E+00
  323.5000  0.000E+00  0.000E+00  0.000E+00  0.000E+00  0.000E+00  0.000E+00  0.000E+00  0.000E+00  6.469E+09  1.057E+12  5.149E+12  9.772E+12  1.248E+13  1.194E+13  8.411E+12  3.649E+12  3.831E+11  1.471E+08  0.000E+00  0.000E+00  0.000E+00  0.000E+00  0.000E+00  0.000E+00
  324.5000  0.000E+00  0.000E+00  0.000E+00  0.000E+00  0.000E+00  0.000E+00  0.000E+00  0.000E+00  7.510E+09  1.215E+12  5.975E+12  1.140E+13  1.459E+13  1.395E+13  9.800E+12  4.223E+12  4.404E+11  1.719E+08  0.000E+00  0.000E+00  0.000E+00  0.000E+00  0.000E+00  0.000E+00
  325.5000  0.000E+00  0.000E+00  0.000E+00  0.000E+00  0.000E+00  0.000E+00  0.000E+00  0.000E+00  7.831E+09  1.257E+12  6.380E+12  1.236E+13  1.590E+13  1.519E+13  1.059E+13  4.473E+12  4.535E+11  1.833E+08  0.000E+00  0.000E+00  0.000E+00  0.000E+00  0.000E+00  0.000E+00
  326.5000  0.000E+00  0.000E+00  0.000E+00  0.000E+00  0.000E+00  0.000E+00  0.000E+00  0.000E+00  1.438E+10  2.386E+12  1.022E+13  1.841E+13  2.311E+13  2.218E+13  1.603E+13  7.469E+12  8.931E+11  3.107E+08  0.000E+00  0.000E+00  0.000E+00  0.000E+00  0.000E+00  0.000E+00
  327.5000  0.000E+00  0.000E+00  0.000E+00  0.000E+00  0.000E+00  0.000E+00  0.000E+00  0.000E+00  1.162E+10  1.917E+12  8.738E+12  1.615E+13  2.045E+13  1.959E+13  1.398E+13  6.293E+12  7.046E+11  2.583E+08  0.000E+00  0.000E+00  0.000E+00  0.000E+00  0.000E+00  0.000E+00
  328.5000  0.000E+00  0.000E+00  0.000E+00  0.000E+00  0.000E+00  0.000E+00  0.000E+00  0.000E+00  1.068E+10  1.782E+12  8.131E+12  1.503E+13  1.904E+13  1.824E+13  1.301E+13  5.856E+12  6.528E+11  2.392E+08  0.000E+00  0.000E+00  0.000E+00  0.000E+00  0.000E+00  0.000E+00
  329.5000  0.000E+00  0.000E+00  0.000E+00  0.000E+00  0.000E+00  0.000E+00  0.000E+00  0.000E+00  2.033E+10  3.315E+12  1.303E+13  2.278E+13  2.832E+13  2.722E+13  1.996E+13  9.699E+12  1.284E+12  4.300E+08  0.000E+00  0.000E+00  0.000E+00  0.000E+00  0.000E+00  0.000E+00
  330.5000  0.000E+00  0.000E+00  0.000E+00  0.000E+00  0.000E+00  0.000E+00  0.000E+00  0.000E+00  1.564E+10  2.597E+12  1.091E+13  1.957E+13  2.454E+13  2.355E+13  1.705E+13  8.007E+12  9.776E+11  3.399E+08  0.000E+00  0.000E+00  0.000E+00  0.000E+00  0.000E+00  0.000E+00
  331.5000  0.000E+00  0.000E+00  0.000E+00  0.000E+00  0.000E+00  0.000E+00  0.000E+00  0.000E+00  1.492E+10  2.497E+12  1.065E+13  1.921E+13  2.414E+13  2.316E+13  1.671E+13  7.788E+12  9.335E+11  3.277E+08  0.000E+00  0.000E+00  0.000E+00  0.000E+00  0.000E+00  0.000E+00
  332.5000  0.000E+00  0.000E+00  0.000E+00  0.000E+00  0.000E+00  0.000E+00  0.000E+00  0.000E+00  2.001E+10  3.227E+12  1.225E+13  2.121E+13  2.630E+13  2.529E+13  1.862E+13  9.184E+12  1.270E+12  4.233E+08  0.000E+00  0.000E+00  0.000E+00  0.000E+00  0.000E+00  0.000E+00
  333.5000  0.000E+00  0.000E+00  0.000E+00  0.000E+00  0.000E+00  0.000E+00  0.000E+00  0.000E+00  1.638E+10  2.708E+12  1.084E+13  1.914E+13  2.388E+13  2.294E+13  1.673E+13  8.037E+12  1.038E+12  3.538E+08  0.000E+00  0.000E+00  0.000E+00  0.000E+00  0.000E+00  0.000E+00
  334.5000  0.000E+00  0.000E+00  0.000E+00  0.000E+00  0.000E+00  0.000E+00  0.000E+00  0.000E+00  1.960E+10  3.225E+12  1.259E+13  2.204E+13  2.743E+13  2.636E+13  1.929E+13  9.381E+12  1.251E+12  4.217E+08  0.000E+00  0.000E+00  0.000E+00  0.000E+00  0.000E+00  0.000E+00
  335.5000  0.000E+00  0.000E+00  0.000E+00  0.000E+00  0.000E+00  0.000E+00  0.000E+00  0.000E+00  2.354E+10  3.748E+12  1.378E+13  2.367E+13  2.928E+13  2.816E+13  2.081E+13  1.040E+13  1.499E+12  4.988E+08  0.000E+00  0.000E+00  0.000E+00  0.000E+00  0.000E+00  0.000E+00
  336.5000  0.000E+00  0.000E+00  0.000E+00  0.000E+00  0.000E+00  0.000E+00  0.000E+00  0.000E+00  1.750E+10  2.830E+12  1.060E+13  1.834E+13  2.274E+13  2.186E+13  1.609E+13  7.968E+12  1.120E+12  3.744E+08  0.000E+00  0.000E+00  0.000E+00  0.000E+00  0.000E+00  0.000E+00
  337.5000  0.000E+00  0.000E+00  0.000E+00  0.000E+00  0.000E+00  0.000E+00  0.000E+00  0.000E+00  1.714E+10  2.842E+12  1.112E+13  1.953E+13  2.435E+13  2.339E+13  1.708E+13  8.280E+12  1.099E+12  3.731E+08  0.000E+00  0.000E+00  0.000E+00  0.000E+00  0.000E+00  0.000E+00
  338.5000  0.000E+00  0.000E+00  0.000E+00  0.000E+00  0.000E+00  0.000E+00  0.000E+00  0.000E+00  2.158E+10  3.466E+12  1.273E+13  2.190E+13  2.712E+13  2.609E+13  1.924E+13  9.602E+12  1.385E+12  4.625E+08  0.000E+00  0.000E+00  0.000E+00  0.000E+00  0.000E+00  0.000E+00
  339.5000  0.000E+00  0.000E+00  0.000E+00  0.000E+00  0.000E+00  0.000E+00  0.000E+00  0.000E+00  2.406E+10  3.858E+12  1.405E+13  2.414E+13  2.987E+13  2.873E+13  2.121E+13  1.062E+13  1.548E+12  5.165E+08  0.000E+00  0.000E+00  0.000E+00  0.000E+00  0.000E+00  0.000E+00
  340.5000  0.000E+00  0.000E+00  0.000E+00  0.000E+00  0.000E+00  0.000E+00  0.000E+00  0.000E+00  2.407E+10  3.932E+12  1.469E+13  2.546E+13  3.160E+13  3.038E+13  2.233E+13  1.104E+13  1.557E+12  5.224E+08  0.000E+00  0.000E+00  0.000E+00  0.000E+00  0.000E+00  0.000E+00
  341.5000  0.000E+00  0.000E+00  0.000E+00  0.000E+00  0.000E+00  0.000E+00  0.000E+00  0.000E+00  2.358E+10  3.774E+12  1.363E+13  2.339E+13  2.895E+13  2.784E+13  2.056E+13  1.031E+13  1.522E+12  5.085E+08  0.000E+00  0.000E+00  0.000E+00  0.000E+00  0.000E+00  0.000E+00
  342.5000  0.000E+00  0.000E+00  0.000E+00  0.000E+00  0.000E+00  0.000E+00  0.000E+00  0.000E+00  2.662E+10  4.256E+12  1.529E+13  2.621E+13  3.243E+13  3.119E+13  2.304E+13  1.158E+13  1.721E+12  5.753E+08  0.000E+00  0.000E+00  0.000E+00  0.000E+00  0.000E+00  0.000E+00
  343.5000  0.000E+00  0.000E+00  0.000E+00  0.000E+00  0.000E+00  0.000E+00  0.000E+00  0.000E+00  2.673E+10  4.330E+12  1.575E+13  2.714E+13  3.363E+13  3.235E+13  2.383E+13  1.190E+13  1.738E+12  5.820E+08  0.000E+00  0.000E+00  0.000E+00  0.000E+00  0.000E+00  0.000E+00
  344.5000  0.000E+00  0.000E+00  0.000E+00  0.000E+00  0.000E+00  0.000E+00  0.000E+00  0.000E+00  1.807E+10  2.965E+12  1.093E+13  1.895E+13  2.352E+13  2.261E+13  1.661E+13  8.234E+12  1.180E+12  3.965E+08  0.000E+00  0.000E+00  0.000E+00  0.000E+00  0.000E+00  0.000E+00
  345.5000  0.000E+00  0.000E+00  0.000E+00  0.000E+00  0.000E+00  0.000E+00  0.000E+00  0.000E+00  2.734E+10  4.384E+12  1.564E+13  2.683E+13  3.321E+13  3.194E+13  2.358E+13  1.185E+13  1.779E+12  5.962E+08  0.000E+00  0.000E+00  0.000E+00  0.000E+00  0.000E+00  0.000E+00
  346.5000  0.000E+00  0.000E+00  0.000E+00  0.000E+00  0.000E+00  0.000E+00  0.000E+00  0.000E+00  2.411E+10  3.943E+12  1.437E+13  2.486E+13  3.084E+13  2.966E+13  2.181E+13  1.085E+13  1.580E+12  5.308E+08  0.000E+00  0.000E+00  0.000E+00  0.000E+00  0.000E+00  0.000E+00
  347.5000  0.000E+00  0.000E+00  0.000E+00  0.000E+00  0.000E+00  0.000E+00  0.000E+00  0.000E+00  2.374E+10  3.890E+12  1.416E+13  2.449E+13  3.040E+13  2.923E+13  2.148E+13  1.068E+13  1.560E+12  5.243E+08  0.000E+00  0.000E+00  0.000E+00  0.000E+00  0.000E+00  0.000E+00
  348.5000  0.000E+00  0.000E+00  0.000E+00  0.000E+00  0.000E+00  0.000E+00  0.000E+00  0.000E+00  2.667E+10  4.363E+12  1.577E+13  2.725E+13  3.381E+13  3.251E+13  2.391E+13  1.191E+13  1.756E+12  5.902E+08  0.000E+00  0.000E+00  0.000E+00  0.000E+00  0.000E+00  0.000E+00
  349.5000  0.000E+00  0.000E+00  0.000E+00  0.000E+00  0.000E+00  0.000E+00  0.000E+00  0.000E+00  2.230E+10  3.665E+12  1.327E+13  2.297E+13  2.851E+13  2.741E+13  2.014E+13  1.002E+13  1.473E+12  4.955E+08  0.000E+00  0.000E+00  0.000E+00  0.000E+00  0.000E+00  0.000E+00
  350.5000  0.000E+00  0.000E+00  0.000E+00  0.000E+00  0.000E+00  0.000E+00  0.000E+00  0.000E+00  3.139E+10  5.174E+12  1.871E+13  3.241E+13  4.024E+13  3.869E+13  2.842E+13  1.413E+13  2.080E+12  6.999E+08  0.000E+00  0.000E+00  0.000E+00  0.000E+00  0.000E+00  0.000E+00
  351.5000  0.000E+00  0.000E+00  0.000E+00  0.000E+00  0.000E+00  0.000E+00  0.000E+00  0.000E+00  2.684E+10  4.452E+12  1.616E+13  2.806E+13  3.486E+13  3.351E+13  2.459E+13  1.219E+13  1.786E+12  6.013E+08  0.000E+00  0.000E+00  0.000E+00  0.000E+00  0.000E+00  0.000E+00
  352.5000  0.000E+00  0.000E+00  0.000E+00  0.000E+00  0.000E+00  0.000E+00  0.000E+00  0.000E+00  2.440E+10  4.054E+12  1.469E+13  2.552E+13  3.171E+13  3.048E+13  2.236E+13  1.108E+13  1.628E+12  5.481E+08  0.000E+00  0.000E+00  0.000E+00  0.000E+00  0.000E+00  0.000E+00
  353.5000  0.000E+00  0.000E+00  0.000E+00  0.000E+00  0.000E+00  0.000E+00  0.000E+00  0.000E+00  2.972E+10  4.942E+12  1.785E+13  3.101E+13  3.853E+13  3.704E+13  2.717E+13  1.348E+13  1.987E+12  6.694E+08  0.000E+00  0.000E+00  0.000E+00  0.000E+00  0.000E+00  0.000E+00
  354.5000  0.000E+00  0.000E+00  0.000E+00  0.000E+00  0.000E+00  0.000E+00  0.000E+00  0.000E+00  3.250E+10  5.409E+12  1.949E+13  3.387E+13  4.208E+13  4.046E+13  2.967E+13  1.472E+13  2.178E+12  7.339E+08  0.000E+00  0.000E+00  0.000E+00  0.000E+00  0.000E+00  0.000E+00
  355.5000  0.000E+00  0.000E+00  0.000E+00  0.000E+00  0.000E+00  0.000E+00  0.000E+00  0.000E+00  3.039E+10  5.081E+12  1.832E+13  3.187E+13  3.961E+13  3.808E+13  2.791E+13  1.382E+13  2.045E+12  6.890E+08  0.000E+00  0.000E+00  0.000E+00  0.000E+00  0.000E+00  0.000E+00
  356.5000  0.000E+00  0.000E+00  0.000E+00  0.000E+00  0.000E+00  0.000E+00  0.000E+00  0.000E+00  2.820E+10  4.734E+12  1.709E+13  2.977E+13  3.701E+13  3.558E+13  2.606E+13  1.289E+13  1.904E+12  6.416E+08  0.000E+00  0.000E+00  0.000E+00  0.000E+00  0.000E+00  0.000E+00
  357.5000  0.000E+00  0.000E+00  0.000E+00  0.000E+00  0.000E+00  0.000E+00  0.000E+00  0.000E+00  2.395E+10  4.037E+12  1.460E+13  2.547E+13  3.168E+13  3.045E+13  2.229E+13  1.100E+13  1.622E+12  5.469E+08  0.000E+00  0.000E+00  0.000E+00  0.000E+00  0.000E+00  0.000E+00
  358.5000  0.000E+00  0.000E+00  0.000E+00  0.000E+00  0.000E+00  0.000E+00  0.000E+00  0.000E+00  1.857E+10  3.140E+12  1.134E+13  1.981E+13  2.464E+13  2.369E+13  1.733E+13  8.549E+12  1.262E+12  4.255E+08  0.000E+00  0.000E+00  0.000E+00  0.000E+00  0.000E+00  0.000E+00
  359.5000  0.000E+00  0.000E+00  0.000E+00  0.000E+00  0.000E+00  0.000E+00  0.000E+00  0.000E+00  3.123E+10  5.308E+12  1.919E+13  3.356E+13  4.177E+13  4.014E+13  2.936E+13  1.446E+13  2.132E+12  7.187E+08  0.000E+00  0.000E+00  0.000E+00  0.000E+00  0.000E+00  0.000E+00
  360.5000  0.000E+00  0.000E+00  0.000E+00  0.000E+00  0.000E+00  0.000E+00  0.000E+00  0.000E+00  2.903E+10  4.944E+12  1.789E+13  3.132E+13  3.899E+13  3.748E+13  2.739E+13  1.347E+13  1.985E+12  6.697E+08  0.000E+00  0.000E+00  0.000E+00  0.000E+00  0.000E+00  0.000E+00
  361.5000  0.000E+00  0.000E+00  0.000E+00  0.000E+00  0.000E+00  0.000E+00  0.000E+00  0.000E+00  2.621E+10  4.488E+12  1.623E+13  2.845E+13  3.543E+13  3.405E+13  2.488E+13  1.222E+13  1.802E+12  6.075E+08  0.000E+00  0.000E+00  0.000E+00  0.000E+00  0.000E+00  0.000E+00
  362.5000  0.000E+00  0.000E+00  0.000E+00  0.000E+00  0.000E+00  0.000E+00  0.000E+00  0.000E+00  3.087E+10  5.300E+12  1.918E+13  3.365E+13  4.191E+13  4.028E+13  2.942E+13  1.443E+13  2.128E+12  7.176E+08  0.000E+00  0.000E+00  0.000E+00  0.000E+00  0.000E+00  0.000E+00
  363.5000  0.000E+00  0.000E+00  0.000E+00  0.000E+00  0.000E+00  0.000E+00  0.000E+00  0.000E+00  2.754E+10  4.738E+12  1.716E+13  3.014E+13  3.755E+13  3.609E+13  2.634E+13  1.290E+13  1.901E+12  6.417E+08  0.000E+00  0.000E+00  0.000E+00  0.000E+00  0.000E+00  0.000E+00
  364.5000  0.000E+00  0.000E+00  0.000E+00  0.000E+00  0.000E+00  0.000E+00  0.000E+00  0.000E+00  2.997E+10  5.188E+12  1.881E+13  3.310E+13  4.125E+13  3.964E+13  2.892E+13  1.414E+13  2.081E+12  7.018E+08  0.000E+00  0.000E+00  0.000E+00  0.000E+00  0.000E+00  0.000E+00
  365.5000  0.000E+00  0.000E+00  0.000E+00  0.000E+00  0.000E+00  0.000E+00  0.000E+00  0.000E+00  3.646E+10  6.343E+12  2.304E+13  4.059E+13  5.060E+13  4.863E+13  3.545E+13  1.730E+13  2.541E+12  8.573E+08  0.000E+00  0.000E+00  0.000E+00  0.000E+00  0.000E+00  0.000E+00
  366.5000  0.000E+00  0.000E+00  0.000E+00  0.000E+00  0.000E+00  0.000E+00  0.000E+00  0.000E+00  3.860E+10  6.750E+12  2.453E+13  4.327E+13  5.395E+13  5.185E+13  3.778E+13  1.842E+13  2.704E+12  9.117E+08  0.000E+00  0.000E+00  0.000E+00  0.000E+00  0.000E+00  0.000E+00
  367.5000  0.000E+00  0.000E+00  0.000E+00  0.000E+00  0.000E+00  0.000E+00  0.000E+00  0.000E+00  3.676E+10  6.445E+12  2.343E+13  4.138E+13  5.161E+13  4.959E+13  3.613E+13  1.758E+13  2.581E+12  8.702E+08  0.000E+00  0.000E+00  0.000E+00  0.000E+00  0.000E+00  0.000E+00
  368.5000  0.000E+00  0.000E+00  0.000E+00  0.000E+00  0.000E+00  0.000E+00  0.000E+00  0.000E+00  3.224E+10  5.686E+12  2.069E+13  3.660E+13  4.566E+13  4.387E+13  3.194E+13  1.552E+13  2.276E+12  7.671E+08  0.000E+00  0.000E+00  0.000E+00  0.000E+00  0.000E+00  0.000E+00
  369.5000  0.000E+00  0.000E+00  0.000E+00  0.000E+00  0.000E+00  0.000E+00  0.000E+00  0.000E+00  3.889E+10  6.851E+12  2.496E+13  4.421E+13  5.516E+13  5.300E+13  3.857E+13  1.871E+13  2.741E+12  9.253E+08  0.000E+00  0.000E+00  0.000E+00  0.000E+00  0.000E+00  0.000E+00
  370.5000  0.000E+00  0.000E+00  0.000E+00  0.000E+00  0.000E+00  0.000E+00  0.000E+00  0.000E+00  3.521E+10  6.242E+12  2.277E+13  4.038E+13  5.040E+13  4.843E+13  3.523E+13  1.706E+13  2.496E+12  8.420E+08  0.000E+00  0.000E+00  0.000E+00  0.000E+00  0.000E+00  0.000E+00
  371.5000  0.000E+00  0.000E+00  0.000E+00  0.000E+00  0.000E+00  0.000E+00  0.000E+00  0.000E+00  4.037E+10  7.176E+12  2.620E+13  4.653E+13  5.808E+13  5.581E+13  4.058E+13  1.962E+13  2.868E+12  9.674E+08  0.000E+00  0.000E+00  0.000E+00  0.000E+00  0.000E+00  0.000E+00
  372.5000  0.000E+00  0.000E+00  0.000E+00  0.000E+00  0.000E+00  0.000E+00  0.000E+00  0.000E+00  2.978E+10  5.324E+12  1.946E+13  3.461E+13  4.321E+13  4.152E+13  3.018E+13  1.456E+13  2.126E+12  7.171E+08  0.000E+00  0.000E+00  0.000E+00  0.000E+00  0.000E+00  0.000E+00
  373.5000  0.000E+00  0.000E+00  0.000E+00  0.000E+00  0.000E+00  0.000E+00  0.000E+00  0.000E+00  2.688E+10  4.833E+12  1.769E+13  3.150E+13  3.933E+13  3.779E+13  2.746E+13  1.323E+13  1.929E+12  6.501E+08  0.000E+00  0.000E+00  0.000E+00  0.000E+00  0.000E+00  0.000E+00
  374.5000  0.000E+00  0.000E+00  0.000E+00  0.000E+00  0.000E+00  0.000E+00  0.000E+00  0.000E+00  2.944E+10  5.326E+12  1.952E+13  3.481E+13  4.348E+13  4.177E+13  3.033E+13  1.459E+13  2.125E+12  7.153E+08  0.000E+00  0.000E+00  0.000E+00  0.000E+00  0.000E+00  0.000E+00
  375.5000  0.000E+00  0.000E+00  0.000E+00  0.000E+00  0.000E+00  0.000E+00  0.000E+00  0.000E+00  3.325E+10  6.037E+12  2.215E+13  3.955E+13  4.941E+13  4.747E+13  3.446E+13  1.654E+13  2.408E+12  8.107E+08  0.000E+00  0.000E+00  0.000E+00  0.000E+00  0.000E+00  0.000E+00
  376.5000  0.000E+00  0.000E+00  0.000E+00  0.000E+00  0.000E+00  0.000E+00  0.000E+00  0.000E+00  3.342E+10  6.056E+12  2.225E+13  3.977E+13  4.969E+13  4.774E+13  3.465E+13  1.660E+13  2.414E+12  8.141E+08  0.000E+00  0.000E+00  0.000E+00  0.000E+00  0.000E+00  0.000E+00
  377.5000  0.000E+00  0.000E+00  0.000E+00  0.000E+00  0.000E+00  0.000E+00  0.000E+00  0.000E+00  3.953E+10  7.242E+12  2.664E+13  4.769E+13  5.960E+13  5.726E+13  4.154E+13  1.987E+13  2.885E+12  9.708E+08  0.000E+00  0.000E+00  0.000E+00  0.000E+00  0.000E+00  0.000E+00
  378.5000  0.000E+00  0.000E+00  0.000E+00  0.000E+00  0.000E+00  0.000E+00  0.000E+00  0.000E+00  4.295E+10  7.927E+12  2.920E+13  5.234E+13  6.542E+13  6.285E+13  4.558E+13  2.176E+13  3.157E+12  1.061E+09  0.000E+00  0.000E+00  0.000E+00  0.000E+00  0.000E+00  0.000E+00
  379.5000  0.000E+00  0.000E+00  0.000E+00  0.000E+00  0.000E+00  0.000E+00  0.000E+00  0.000E+00  3.199E+10  5.889E+12  2.173E+13  3.900E+13  4.874E+13  4.683E+13  3.395E+13  1.618E+13  2.344E+12  7.890E+08  0.000E+00  0.000E+00  0.000E+00  0.000E+00  0.000E+00  0.000E+00
  380.5000  0.000E+00  0.000E+00  0.000E+00  0.000E+00  0.000E+00  0.000E+00  0.000E+00  0.000E+00  3.826E+10  7.114E+12  2.628E+13  4.723E+13  5.904E+13  5.672E+13  4.110E+13  1.955E+13  2.830E+12  9.513E+08  0.000E+00  0.000E+00  0.000E+00  0.000E+00  0.000E+00  0.000E+00
  381.5000  0.000E+00  0.000E+00  0.000E+00  0.000E+00  0.000E+00  0.000E+00  0.000E+00  0.000E+00  3.596E+10  6.714E+12  2.484E+13  4.469E+13  5.587E+13  5.368E+13  3.889E+13  1.847E+13  2.669E+12  8.976E+08  0.000E+00  0.000E+00  0.000E+00  0.000E+00  0.000E+00  0.000E+00
  382.5000  0.000E+00  0.000E+00  0.000E+00  0.000E+00  0.000E+00  0.000E+00  0.000E+00  0.000E+00  2.394E+10  4.493E+12  1.664E+13  2.999E+13  3.749E+13  3.602E+13  2.609E+13  1.237E+13  1.785E+12  5.997E+08  0.000E+00  0.000E+00  0.000E+00  0.000E+00  0.000E+00  0.000E+00
  383.5000  0.000E+00  0.000E+00  0.000E+00  0.000E+00  0.000E+00  0.000E+00  0.000E+00  0.000E+00  2.121E+10  3.962E+12  1.470E+13  2.652E+13  3.316E+13  3.186E+13  2.307E+13  1.091E+13  1.574E+12  5.292E+08  0.000E+00  0.000E+00  0.000E+00  0.000E+00  0.000E+00  0.000E+00
  384.5000  0.000E+00  0.000E+00  0.000E+00  0.000E+00  0.000E+00  0.000E+00  0.000E+00  0.000E+00  3.168E+10  5.971E+12  2.219E+13  4.008E+13  5.012E+13  4.815E+13  3.485E+13  1.646E+13  2.370E+12  7.957E+08  0.000E+00  0.000E+00  0.000E+00  0.000E+00  0.000E+00  0.000E+00
  385.5000  0.000E+00  0.000E+00  0.000E+00  0.000E+00  0.000E+00  0.000E+00  0.000E+00  0.000E+00  3.125E+10  5.933E+12  2.208E+13  3.993E+13  4.994E+13  4.798E+13  3.472E+13  1.637E+13  2.354E+12  7.895E+08  0.000E+00  0.000E+00  0.000E+00  0.000E+00  0.000E+00  0.000E+00
  386.5000  0.000E+00  0.000E+00  0.000E+00  0.000E+00  0.000E+00  0.000E+00  0.000E+00  0.000E+00  3.211E+10  6.074E+12  2.264E+13  4.099E+13  5.126E+13  4.925E+13  3.564E+13  1.677E+13  2.409E+12  8.085E+08  0.000E+00  0.000E+00  0.000E+00  0.000E+00  0.000E+00  0.000E+00
  387.5000  0.000E+00  0.000E+00  0.000E+00  0.000E+00  0.000E+00  0.000E+00  0.000E+00  0.000E+00  2.955E+10  5.668E+12  2.116E+13  3.836E+13  4.798E+13  4.610E+13  3.335E+13  1.566E+13  2.247E+12  7.528E+08  0.000E+00  0.000E+00  0.000E+00  0.000E+00  0.000E+00  0.000E+00
  388.5000  0.000E+00  0.000E+00  0.000E+00  0.000E+00  0.000E+00  0.000E+00  0.000E+00  0.000E+00  2.961E+10  5.706E+12  2.134E+13  3.873E+13  4.844E+13  4.654E+13  3.366E+13  1.578E+13  2.262E+12  7.581E+08  0.000E+00  0.000E+00  0.000E+00  0.000E+00  0.000E+00  0.000E+00
  389.5000  0.000E+00  0.000E+00  0.000E+00  0.000E+00  0.000E+00  0.000E+00  0.000E+00  0.000E+00  3.781E+10  7.226E+12  2.706E+13  4.918E+13  6.151E+13  5.910E+13  4.274E+13  2.000E+13  2.862E+12  9.588E+08  0.000E+00  0.000E+00  0.000E+00  0.000E+00  0.000E+00  0.000E+00
  390.5000  0.000E+00  0.000E+00  0.000E+00  0.000E+00  0.000E+00  0.000E+00  0.000E+00  0.000E+00  3.713E+10  7.128E+12  2.674E+13  4.865E+13  6.085E+13  5.847E+13  4.227E+13  1.975E+13  2.823E+12  9.450E+08  0.000E+00  0.000E+00  0.000E+00  0.000E+00  0.000E+00  0.000E+00
  391.5000  0.000E+00  0.000E+00  0.000E+00  0.000E+00  0.000E+00  0.000E+00  0.000E+00  0.000E+00  4.408E+10  8.492E+12  3.191E+13  5.812E+13  7.270E+13  6.986E+13  5.050E+13  2.354E+13  3.361E+12  1.125E+09  0.000E+00  0.000E+00  0.000E+00  0.000E+00  0.000E+00  0.000E+00
  392.5000  0.000E+00  0.000E+00  0.000E+00  0.000E+00  0.000E+00  0.000E+00  0.000E+00  0.000E+00  3.271E+10  6.396E+12  2.407E+13  4.390E+13  5.490E+13  5.276E+13  3.813E+13  1.775E+13  2.530E+12  8.456E+08  0.000E+00  0.000E+00  0.000E+00  0.000E+00  0.000E+00  0.000E+00
  393.5000  0.000E+00  0.000E+00  0.000E+00  0.000E+00  0.000E+00  0.000E+00  0.000E+00  0.000E+00  1.429E+10  2.792E+12  1.053E+13  1.922E+13  2.404E+13  2.310E+13  1.669E+13  7.754E+12  1.104E+12  3.685E+08  0.000E+00  0.000E+00  0.000E+00  0.000E+00  0.000E+00  0.000E+00
  394.5000  0.000E+00  0.000E+00  0.000E+00  0.000E+00  0.000E+00  0.000E+00  0.000E+00  0.000E+00  3.310E+10  6.597E+12  2.492E+13  4.554E+13  5.696E+13  5.473E+13  3.955E+13  1.834E+13  2.607E+12  8.682E+08  0.000E+00  0.000E+00  0.000E+00  0.000E+00  0.000E+00  0.000E+00
  395.5000  0.000E+00  0.000E+00  0.000E+00  0.000E+00  0.000E+00  0.000E+00  0.000E+00  0.000E+00  4.277E+10  8.523E+12  3.226E+13  5.901E+13  7.380E+13  7.092E+13  5.124E+13  2.372E+13  3.367E+12  1.121E+09  0.000E+00  0.000E+00  0.000E+00  0.000E+00  0.000E+00  0.000E+00
  396.5000  0.000E+00  0.000E+00  0.000E+00  0.000E+00  0.000E+00  0.000E+00  0.000E+00  0.000E+00  2.511E+10  5.026E+12  1.906E+13  3.490E+13  4.364E+13  4.194E+13  3.030E+13  1.400E+13  1.985E+12  6.606E+08  0.000E+00  0.000E+00  0.000E+00  0.000E+00  0.000E+00  0.000E+00
  397.5000  0.000E+00  0.000E+00  0.000E+00  0.000E+00  0.000E+00  0.000E+00  0.000E+00  0.000E+00  2.920E+10  5.825E+12  2.212E+13  4.056E+13  5.072E+13  4.874E+13  3.521E+13  1.624E+13  2.299E+12  7.653E+08  0.000E+00  0.000E+00  0.000E+00  0.000E+00  0.000E+00  0.000E+00
  398.5000  0.000E+00  0.000E+00  0.000E+00  0.000E+00  0.000E+00  0.000E+00  0.000E+00  0.000E+00  4.998E+10  1.005E+13  3.825E+13  7.019E+13  8.776E+13  8.434E+13  6.093E+13  2.805E+13  3.966E+12  1.319E+09  0.000E+00  0.000E+00  0.000E+00  0.000E+00  0.000E+00  0.000E+00
  399.5000  0.000E+00  0.000E+00  0.000E+00  0.000E+00  0.000E+00  0.000E+00  0.000E+00  0.000E+00  5.221E+10  1.050E+13  4.003E+13  7.352E+13  9.192E+13  8.835E+13  6.382E+13  2.933E+13  4.142E+12  1.377E+09  0.000E+00  0.000E+00  0.000E+00  0.000E+00  0.000E+00  0.000E+00
  400.5000  0.000E+00  0.000E+00  0.000E+00  0.000E+00  0.000E+00  0.000E+00  0.000E+00  0.000E+00  5.523E+10  1.108E+13  4.234E+13  7.784E+13  9.732E+13  9.353E+13  6.756E+13  3.100E+13  4.371E+12  1.453E+09  0.000E+00  0.000E+00  0.000E+00  0.000E+00  0.000E+00  0.000E+00
  401.5000  0.000E+00  0.000E+00  0.000E+00  0.000E+00  0.000E+00  0.000E+00  0.000E+00  0.000E+00  5.623E+10  1.145E+13  4.382E+13  8.065E+13  1.008E+14  9.690E+13  7.000E+13  3.206E+13  4.513E+12  1.498E+09  0.000E+00  0.000E+00  0.000E+00  0.000E+00  0.000E+00  0.000E+00
  402.5000  0.000E+00  0.000E+00  0.000E+00  0.000E+00  0.000E+00  0.000E+00  0.000E+00  0.000E+00  5.808E+10  1.194E+13  4.578E+13  8.432E+13  1.054E+14  1.013E+14  7.318E+13  3.346E+13  4.703E+12  1.559E+09  0.000E+00  0.000E+00  0.000E+00  0.000E+00  0.000E+00  0.000E+00
  403.5000  0.000E+00  0.000E+00  0.000E+00  0.000E+00  0.000E+00  0.000E+00  0.000E+00  0.000E+00  5.326E+10  1.097E+13  4.216E+13  7.772E+13  9.714E+13  9.337E+13  6.745E+13  3.078E+13  4.321E+12  1.431E+09  0.000E+00  0.000E+00  0.000E+00  0.000E+00  0.000E+00  0.000E+00
  404.5000  0.000E+00  0.000E+00  0.000E+00  0.000E+00  0.000E+00  0.000E+00  0.000E+00  0.000E+00  5.279E+10  1.081E+13  4.161E+13  7.677E+13  9.594E+13  9.222E+13  6.662E+13  3.035E+13  4.255E+12  1.409E+09  0.000E+00  0.000E+00  0.000E+00  0.000E+00  0.000E+00  0.000E+00
  405.5000  0.000E+00  0.000E+00  0.000E+00  0.000E+00  0.000E+00  0.000E+00  0.000E+00  0.000E+00  5.444E+10  1.127E+13  4.349E+13  8.032E+13  1.004E+14  9.647E+13  6.969E+13  3.170E+13  4.437E+12  1.467E+09  0.000E+00  0.000E+00  0.000E+00  0.000E+00  0.000E+00  0.000E+00
  406.5000  0.000E+00  0.000E+00  0.000E+00  0.000E+00  0.000E+00  0.000E+00  0.000E+00  0.000E+00  5.155E+10  1.066E+13  4.122E+13  7.618E+13  9.517E+13  9.149E+13  6.610E+13  3.002E+13  4.195E+12  1.386E+09  0.000E+00  0.000E+00  0.000E+00  0.000E+00  0.000E+00  0.000E+00
  407.5000  0.000E+00  0.000E+00  0.000E+00  0.000E+00  0.000E+00  0.000E+00  0.000E+00  0.000E+00  5.174E+10  1.079E+13  4.181E+13  7.734E+13  9.661E+13  9.288E+13  6.711E+13  3.042E+13  4.243E+12  1.400E+09  0.000E+00  0.000E+00  0.000E+00  0.000E+00  0.000E+00  0.000E+00
  408.5000  0.000E+00  0.000E+00  0.000E+00  0.000E+00  0.000E+00  0.000E+00  0.000E+00  0.000E+00  5.741E+10  1.206E+13  4.685E+13  8.673E+13  1.083E+14  1.041E+14  7.525E+13  3.405E+13  4.742E+12  1.563E+09  0.000E+00  0.000E+00  0.000E+00  0.000E+00  0.000E+00  0.000E+00
  409.5000  0.000E+00  0.000E+00  0.000E+00  0.000E+00  0.000E+00  0.000E+00  0.000E+00  0.000E+00  5.599E+10  1.187E+13  4.621E+13  8.562E+13  1.069E+14  1.028E+14  7.429E+13  3.356E+13  4.666E+12  1.536E+09  0.000E+00  0.000E+00  0.000E+00  0.000E+00  0.000E+00  0.000E+00
  410.5000  0.000E+00  0.000E+00  0.000E+00  0.000E+00  0.000E+00  0.000E+00  0.000E+00  0.000E+00  4.845E+10  1.034E+13  4.032E+13  7.477E+13  9.335E+13  8.976E+13  6.487E+13  2.926E+13  4.061E+12  1.335E+09  0.000E+00  0.000E+00  0.000E+00  0.000E+00  0.000E+00  0.000E+00
  411.5000  0.000E+00  0.000E+00  0.000E+00  0.000E+00  0.000E+00  0.000E+00  0.000E+00  0.000E+00  5.852E+10  1.248E+13  4.877E+13  9.051E+13  1.130E+14  1.086E+14  7.853E+13  3.536E+13  4.901E+12  1.611E+09  0.000E+00  0.000E+00  0.000E+00  0.000E+00  0.000E+00  0.000E+00
  412.5000  0.000E+00  0.000E+00  0.000E+00  0.000E+00  0.000E+00  0.000E+00  0.000E+00  0.000E+00  5.823E+10  1.242E+13  4.865E+13  9.034E+13  1.127E+14  1.084E+14  7.838E+13  3.524E+13  4.878E+12  1.602E+09  0.000E+00  0.000E+00  0.000E+00  0.000E+00  0.000E+00  0.000E+00
  413.5000  0.000E+00  0.000E+00  0.000E+00  0.000E+00  0.000E+00  0.000E+00  0.000E+00  0.000E+00  5.647E+10  1.210E+13  4.749E+13  8.824E+13  1.101E+14  1.059E+14  7.656E+13  3.437E+13  4.750E+12  1.559E+09  0.000E+00  0.000E+00  0.000E+00  0.000E+00  0.000E+00  0.000E+00
  414.5000  0.000E+00  0.000E+00  0.000E+00  0.000E+00  0.000E+00  0.000E+00  0.000E+00  0.000E+00  5.748E+10  1.249E+13  4.912E+13  9.132E+13  1.139E+14  1.096E+14  7.923E+13  3.552E+13  4.900E+12  1.605E+09  0.000E+00  0.000E+00  0.000E+00  0.000E+00  0.000E+00  0.000E+00
  415.5000  0.000E+00  0.000E+00  0.000E+00  0.000E+00  0.000E+00  0.000E+00  0.000E+00  0.000E+00  5.499E+10  1.199E+13  4.727E+13  8.795E+13  1.097E+14  1.055E+14  7.631E+13  3.415E+13  4.703E+12  1.539E+09  0.000E+00  0.000E+00  0.000E+00  0.000E+00  0.000E+00  0.000E+00
  416.5000  0.000E+00  0.000E+00  0.000E+00  0.000E+00  0.000E+00  0.000E+00  0.000E+00  0.000E+00  5.998E+10  1.310E+13  5.177E+13  9.638E+13  1.202E+14  1.156E+14  8.362E+13  3.737E+13  5.136E+12  1.679E+09  0.000E+00  0.000E+00  0.000E+00  0.000E+00  0.000E+00  0.000E+00
  417.5000  0.000E+00  0.000E+00  0.000E+00  0.000E+00  0.000E+00  0.000E+00  0.000E+00  0.000E+00  5.508E+10  1.202E+13  4.762E+13  8.871E+13  1.106E+14  1.064E+14  7.697E+13  3.434E+13  4.711E+12  1.539E+09  0.000E+00  0.000E+00  0.000E+00  0.000E+00  0.000E+00  0.000E+00
  418.5000  0.000E+00  0.000E+00  0.000E+00  0.000E+00  0.000E+00  0.000E+00  0.000E+00  0.000E+00  5.512E+10  1.216E+13  4.830E+13  9.003E+13  1.122E+14  1.079E+14  7.812E+13  3.481E+13  4.767E+12  1.555E+09  0.000E+00  0.000E+00  0.000E+00  0.000E+00  0.000E+00  0.000E+00
  419.5000  0.000E+00  0.000E+00  0.000E+00  0.000E+00  0.000E+00  0.000E+00  0.000E+00  0.000E+00  5.755E+10  1.262E+13  5.022E+13  9.365E+13  1.167E+14  1.123E+14  8.127E+13  3.616E+13  4.945E+12  1.612E+09  0.000E+00  0.000E+00  0.000E+00  0.000E+00  0.000E+00  0.000E+00
------------------------------------------------------------
Photolysis rate coefficients, s-1
   1 = O3 -> O2 + O(1D)                                  
   2 = NO2 -> NO + O(3P)                                 
   3 = HNO2 -> OH + NO                                   
   4 = HNO3 -> OH + NO2                                  
   5 = ClNO2 -> Cl + NO2                                 
values at z =      0.263 km
Columns: time, sza, photo-reactions
time, hrs.  sza, deg.          1          2          3          4          5
    0.0000    146.066  0.000E+00  0.000E+00  0.000E+00  0.000E+00  0.000E+00
    1.0000    145.461  0.000E+00  0.000E+00  0.000E+00  0.000E+00  0.000E+00
    2.0000    141.523  0.000E+00  0.000E+00  0.000E+00  0.000E+00  0.000E+00
    3.0000    135.217  0.000E+00  0.000E+00  0.000E+00  0.000E+00  0.000E+00
    4.0000    127.554  0.000E+00  0.000E+00  0.000E+00  0.000E+00  0.000E+00
    5.0000    119.265  0.000E+00  0.000E+00  0.000E+00  0.000E+00  0.000E+00
    6.0000    110.855  0.000E+00  0.000E+00  0.000E+00  0.000E+00  0.000E+00
    7.0000    102.711  0.000E+00  0.000E+00  0.000E+00  0.000E+00  0.000E+00
    8.0000     95.174  4.188E-10  1.265E-06  2.097E-07  1.766E-11  4.728E-08
    9.0000     88.584  4.963E-08  2.310E-04  3.616E-05  2.509E-09  7.837E-06
   10.0000     83.292  2.278E-07  8.637E-04  1.334E-04  1.177E-08  3.058E-05
   11.0000     79.638  4.932E-07  1.550E-03  2.355E-04  2.388E-08  5.504E-05
   12.0000     77.902  6.828E-07  1.937E-03  2.937E-04  3.170E-08  6.925E-05
   13.0000     78.233  6.429E-07  1.861E-03  2.822E-04  3.010E-08  6.642E-05
   14.0000     80.602  4.074E-07  1.350E-03  2.057E-04  2.014E-08  4.785E-05
   15.0000     84.810  1.573E-07  6.411E-04  9.986E-05  8.228E-09  2.262E-05
   16.0000     90.552  2.104E-08  9.172E-05  1.442E-05  9.845E-10  3.089E-06
   17.0000     97.477  1.346E-11  3.085E-08  4.874E-09  4.618E-13  1.083E-09
   18.0000    105.239  0.000E+00  0.000E+00  0.000E+00  0.000E+00  0.000E+00
   19.0000    113.499  0.000E+00  0.000E+00  0.000E+00  0.000E+00  0.000E+00
   20.0000    121.906  0.000E+00  0.000E+00  0.000E+00  0.000E+00  0.000E+00
   21.0000    130.044  0.000E+00  0.000E+00  0.000E+00  0.000E+00  0.000E+00
   22.0000    137.346  0.000E+00  0.000E+00  0.000E+00  0.000E+00  0.000E+00
   23.0000    142.986  0.000E+00  0.000E+00  0.000E+00  0.000E+00  0.000E+00
------------------------------------------------------------
