Spectral actinic flux, quanta cm-2 s-1 nm-1
values at z =      0.263 km
Columns: wavelength (nm), times (hrs.) or sza (deg.)
    wc, nm      0.000      1.000      2.000      3.000      4.000      5.000      6.000      7.000      8.000      9.000     10.000     11.000     12.000     13.000     14.000     15.000     16.000     17.000     18.000     19.000     20.000     21.000     22.000     23.000
    sza =     146.948    146.148    142.011    135.561    127.817    119.499    111.101    103.002     95.538     89.045     83.867     80.336     78.720     79.156     81.604     85.867     91.640     98.583    106.352    114.615    123.023    131.160    138.448    144.039
  290.5000  0.000E+00  0.000E+00  0.000E+00  0.000E+00  0.000E+00  0.000E+00  0.000E+00  0.000E+00  0.000E+00  0.000E+00  0.000E+00  0.000E+00  0.000E+00  0.000E+00  0.000E+00  0.000E+00  0.000E+00  0.000E+00  0.000E+00  0.000E+00  0.000E+00  0.000E+00  0.000E+00  0.000E+00
  291.5000  0.000E+00  0.000E+00  0.000E+00  0.000E+00  0.000E+00  0.000E+00  0.000E+00  0.000E+00  1.066E+03  1.631E+05  3.517E+05  4.867E+05  5.546E+05  5.359E+05  4.366E+05  2.794E+05  6.545E+04  3.610E-02  0.000E+00  0.000E+00  0.000E+00  0.000E+00  0.000E+00  0.000E+00
  292.5000  0.000E+00  0.000E+00  0.000E+00  0.000E+00  0.000E+00  0.000E+00  0.000E+00  0.000E+00  3.520E+03  5.268E+05  1.146E+06  1.598E+06  1.828E+06  1.764E+06  1.429E+06  9.066E+05  2.120E+05  2.337E-01  0.000E+00  0.000E+00  0.000E+00  0.000E+00  0.000E+00  0.000E+00
  293.5000  0.000E+00  0.000E+00  0.000E+00  0.000E+00  0.000E+00  0.000E+00  0.000E+00  0.000E+00  1.393E+04  2.043E+06  4.489E+06  6.318E+06  7.261E+06  6.998E+06  5.631E+06  3.536E+06  8.233E+05  1.724E+00  0.000E+00  0.000E+00  0.000E+00  0.000E+00  0.000E+00  0.000E+00
  294.5000  0.000E+00  0.000E+00  0.000E+00  0.000E+00  0.000E+00  0.000E+00  0.000E+00  0.000E+00  3.458E+04  4.984E+06  1.107E+07  1.573E+07  1.816E+07  1.748E+07  1.397E+07  8.678E+06  2.010E+06  7.211E+00  0.000E+00  0.000E+00  0.000E+00  0.000E+00  0.000E+00  0.000E+00
  295.5000  0.000E+00  0.000E+00  0.000E+00  0.000E+00  0.000E+00  0.000E+00  0.000E+00  0.000E+00  1.180E+05  1.669E+07  3.763E+07  5.416E+07  6.293E+07  6.048E+07  4.787E+07  2.931E+07  6.732E+06  4.170E+01  0.000E+00  0.000E+00  0.000E+00  0.000E+00  0.000E+00  0.000E+00
  296.5000  0.000E+00  0.000E+00  0.000E+00  0.000E+00  0.000E+00  0.000E+00  0.000E+00  0.000E+00  2.728E+05  3.794E+07  8.696E+07  1.269E+08  1.485E+08  1.424E+08  1.116E+08  6.726E+07  1.529E+07  1.529E+02  0.000E+00  0.000E+00  0.000E+00  0.000E+00  0.000E+00  0.000E+00
  297.5000  0.000E+00  0.000E+00  0.000E+00  0.000E+00  0.000E+00  0.000E+00  0.000E+00  0.000E+00  6.833E+05  9.362E+07  2.187E+08  3.242E+08  3.822E+08  3.658E+08  2.834E+08  1.678E+08  3.759E+07  5.719E+02  0.000E+00  0.000E+00  0.000E+00  0.000E+00  0.000E+00  0.000E+00
  298.5000  0.000E+00  0.000E+00  0.000E+00  0.000E+00  0.000E+00  0.000E+00  0.000E+00  0.000E+00  1.044E+06  1.412E+08  3.368E+08  5.075E+08  6.035E+08  5.762E+08  4.410E+08  2.561E+08  5.635E+07  1.240E+03  0.000E+00  0.000E+00  0.000E+00  0.000E+00  0.000E+00  0.000E+00
  299.5000  0.000E+00  0.000E+00  0.000E+00  0.000E+00  0.000E+00  0.000E+00  0.000E+00  0.000E+00  2.994E+06  4.004E+08  9.796E+08  1.507E+09  1.812E+09  1.724E+09  1.299E+09  7.370E+08  1.592E+08  4.885E+03  0.000E+00  0.000E+00  0.000E+00  0.000E+00  0.000E+00  0.000E+00
  300.5000  0.000E+00  0.000E+00  0.000E+00  0.000E+00  0.000E+00  0.000E+00  0.000E+00  0.000E+00  3.476E+06  4.608E+08  1.156E+09  1.814E+09  2.208E+09  2.094E+09  1.552E+09  8.609E+08  1.820E+08  7.377E+03  0.000E+00  0.000E+00  0.000E+00  0.000E+00  0.000E+00  0.000E+00
  301.5000  0.000E+00  0.000E+00  0.000E+00  0.000E+00  0.000E+00  0.000E+00  0.000E+00  0.000E+00  8.875E+06  1.170E+09  3.035E+09  4.908E+09  6.101E+09  5.748E+09  4.149E+09  2.228E+09  4.563E+08  2.473E+04  0.000E+00  0.000E+00  0.000E+00  0.000E+00  0.000E+00  0.000E+00
  302.5000  0.000E+00  0.000E+00  0.000E+00  0.000E+00  0.000E+00  0.000E+00  0.000E+00  0.000E+00  1.326E+07  1.737E+09  4.652E+09  7.729E+09  9.812E+09  9.184E+09  6.457E+09  3.373E+09  6.724E+08  4.475E+04  0.000E+00  0.000E+00  0.000E+00  0.000E+00  0.000E+00  0.000E+00
  303.5000  0.000E+00  0.000E+00  0.000E+00  0.000E+00  0.000E+00  0.000E+00  0.000E+00  0.000E+00  2.865E+07  3.743E+09  1.048E+10  1.826E+10  2.406E+10  2.227E+10  1.494E+10  7.466E+09  1.428E+09  1.200E+05  0.000E+00  0.000E+00  0.000E+00  0.000E+00  0.000E+00  0.000E+00
  304.5000  0.000E+00  0.000E+00  0.000E+00  0.000E+00  0.000E+00  0.000E+00  0.000E+00  0.000E+00  3.644E+07  4.756E+09  1.376E+10  2.491E+10  3.374E+10  3.099E+10  2.002E+10  9.669E+09  1.795E+09  1.751E+05  0.000E+00  0.000E+00  0.000E+00  0.000E+00  0.000E+00  0.000E+00
  305.5000  0.000E+00  0.000E+00  0.000E+00  0.000E+00  0.000E+00  0.000E+00  0.000E+00  0.000E+00  6.150E+07  8.061E+09  2.486E+10  4.887E+10  6.951E+10  6.302E+10  3.791E+10  1.700E+10  2.978E+09  3.539E+05  0.000E+00  0.000E+00  0.000E+00  0.000E+00  0.000E+00  0.000E+00
  306.5000  0.000E+00  0.000E+00  0.000E+00  0.000E+00  0.000E+00  0.000E+00  0.000E+00  0.000E+00  7.224E+07  9.488E+09  3.027E+10  6.225E+10  9.045E+10  8.158E+10  4.741E+10  2.038E+10  3.465E+09  4.556E+05  0.000E+00  0.000E+00  0.000E+00  0.000E+00  0.000E+00  0.000E+00
  307.5000  0.000E+00  0.000E+00  0.000E+00  0.000E+00  0.000E+00  0.000E+00  0.000E+00  0.000E+00  1.329E+08  1.770E+10  6.183E+10  1.409E+11  2.116E+11  1.896E+11  1.035E+11  3.991E+10  6.279E+09  9.654E+05  0.000E+00  0.000E+00  0.000E+00  0.000E+00  0.000E+00  0.000E+00
  308.5000  0.000E+00  0.000E+00  0.000E+00  0.000E+00  0.000E+00  0.000E+00  0.000E+00  0.000E+00  1.656E+08  2.218E+10  8.090E+10  1.921E+11  2.909E+11  2.602E+11  1.393E+11  5.115E+10  7.762E+09  1.289E+06  0.000E+00  0.000E+00  0.000E+00  0.000E+00  0.000E+00  0.000E+00
  309.5000  0.000E+00  0.000E+00  0.000E+00  0.000E+00  0.000E+00  0.000E+00  0.000E+00  0.000E+00  1.774E+08  2.422E+10  9.730E+10  2.468E+11  3.753E+11  3.358E+11  1.762E+11  5.873E+10  8.222E+09  1.514E+06  0.000E+00  0.000E+00  0.000E+00  0.000E+00  0.000E+00  0.000E+00
  310.5000  0.000E+00  0.000E+00  0.000E+00  0.000E+00  0.000E+00  0.000E+00  0.000E+00  0.000E+00  2.834E+08  3.936E+10  1.722E+11  4.521E+11  6.841E+11  6.136E+11  3.213E+11  1.001E+11  1.302E+10  2.592E+06  0.000E+00  0.000E+00  0.000E+00  0.000E+00  0.000E+00  0.000E+00
  311.5000  0.000E+00  0.000E+00  0.000E+00  0.000E+00  0.000E+00  0.000E+00  0.000E+00  0.000E+00  4.079E+08  5.764E+10  2.685E+11  7.157E+11  1.075E+12  9.669E+11  5.087E+11  1.518E+11  1.863E+10  3.911E+06  0.000E+00  0.000E+00  0.000E+00  0.000E+00  0.000E+00  0.000E+00
  312.5000  0.000E+00  0.000E+00  0.000E+00  0.000E+00  0.000E+00  0.000E+00  0.000E+00  0.000E+00  4.987E+08  7.360E+10  3.888E+11  1.035E+12  1.522E+12  1.377E+12  7.435E+11  2.086E+11  2.263E+10  5.086E+06  0.000E+00  0.000E+00  0.000E+00  0.000E+00  0.000E+00  0.000E+00
  313.5000  0.000E+00  0.000E+00  0.000E+00  0.000E+00  0.000E+00  0.000E+00  0.000E+00  0.000E+00  6.035E+08  8.988E+10  4.883E+11  1.295E+12  1.892E+12  1.715E+12  9.332E+11  2.584E+11  2.729E+10  6.325E+06  0.000E+00  0.000E+00  0.000E+00  0.000E+00  0.000E+00  0.000E+00
  314.5000  0.000E+00  0.000E+00  0.000E+00  0.000E+00  0.000E+00  0.000E+00  0.000E+00  0.000E+00  7.622E+08  1.209E+11  7.295E+11  1.859E+12  2.641E+12  2.412E+12  1.367E+12  3.732E+11  3.450E+10  8.282E+06  0.000E+00  0.000E+00  0.000E+00  0.000E+00  0.000E+00  0.000E+00
  315.5000  0.000E+00  0.000E+00  0.000E+00  0.000E+00  0.000E+00  0.000E+00  0.000E+00  0.000E+00  8.308E+08  1.327E+11  8.094E+11  2.046E+12  2.893E+12  2.646E+12  1.510E+12  4.123E+11  3.750E+10  9.201E+06  0.000E+00  0.000E+00  0.000E+00  0.000E+00  0.000E+00  0.000E+00
  316.5000  0.000E+00  0.000E+00  0.000E+00  0.000E+00  0.000E+00  0.000E+00  0.000E+00  0.000E+00  1.039E+09  1.787E+11  1.145E+12  2.734E+12  3.763E+12  3.466E+12  2.062E+12  5.817E+11  4.726E+10  1.163E+07  0.000E+00  0.000E+00  0.000E+00  0.000E+00  0.000E+00  0.000E+00
  317.5000  0.000E+00  0.000E+00  0.000E+00  0.000E+00  0.000E+00  0.000E+00  0.000E+00  0.000E+00  1.483E+09  2.537E+11  1.625E+12  3.886E+12  5.353E+12  4.930E+12  2.930E+12  8.238E+11  6.727E+10  1.686E+07  0.000E+00  0.000E+00  0.000E+00  0.000E+00  0.000E+00  0.000E+00
  318.5000  0.000E+00  0.000E+00  0.000E+00  0.000E+00  0.000E+00  0.000E+00  0.000E+00  0.000E+00  1.508E+09  2.827E+11  1.806E+12  4.034E+12  5.405E+12  5.013E+12  3.115E+12  9.932E+11  6.961E+10  1.693E+07  0.000E+00  0.000E+00  0.000E+00  0.000E+00  0.000E+00  0.000E+00
  319.5000  0.000E+00  0.000E+00  0.000E+00  0.000E+00  0.000E+00  0.000E+00  0.000E+00  0.000E+00  1.965E+09  3.732E+11  2.364E+12  5.210E+12  6.946E+12  6.451E+12  4.041E+12  1.305E+12  9.088E+10  2.216E+07  0.000E+00  0.000E+00  0.000E+00  0.000E+00  0.000E+00  0.000E+00
  320.5000  0.000E+00  0.000E+00  0.000E+00  0.000E+00  0.000E+00  0.000E+00  0.000E+00  0.000E+00  2.567E+09  4.999E+11  3.133E+12  6.789E+12  8.993E+12  8.366E+12  5.295E+12  1.744E+12  1.195E+11  2.896E+07  0.000E+00  0.000E+00  0.000E+00  0.000E+00  0.000E+00  0.000E+00
  321.5000  0.000E+00  0.000E+00  0.000E+00  0.000E+00  0.000E+00  0.000E+00  0.000E+00  0.000E+00  3.096E+09  6.613E+11  3.741E+12  7.480E+12  9.631E+12  9.024E+12  5.987E+12  2.195E+12  1.497E+11  3.267E+07  0.000E+00  0.000E+00  0.000E+00  0.000E+00  0.000E+00  0.000E+00
  322.5000  0.000E+00  0.000E+00  0.000E+00  0.000E+00  0.000E+00  0.000E+00  0.000E+00  0.000E+00  2.373E+09  4.697E+11  2.908E+12  6.211E+12  8.186E+12  7.625E+12  4.867E+12  1.633E+12  1.107E+11  2.707E+07  0.000E+00  0.000E+00  0.000E+00  0.000E+00  0.000E+00  0.000E+00
  323.5000  0.000E+00  0.000E+00  0.000E+00  0.000E+00  0.000E+00  0.000E+00  0.000E+00  0.000E+00  3.896E+09  8.630E+11  4.561E+12  8.790E+12  1.118E+13  1.051E+13  7.117E+12  2.751E+12  1.928E+11  3.976E+07  0.000E+00  0.000E+00  0.000E+00  0.000E+00  0.000E+00  0.000E+00
  324.5000  0.000E+00  0.000E+00  0.000E+00  0.000E+00  0.000E+00  0.000E+00  0.000E+00  0.000E+00  4.523E+09  9.914E+11  5.287E+12  1.025E+13  1.306E+13  1.227E+13  8.280E+12  3.177E+12  2.222E+11  4.698E+07  0.000E+00  0.000E+00  0.000E+00  0.000E+00  0.000E+00  0.000E+00
  325.5000  0.000E+00  0.000E+00  0.000E+00  0.000E+00  0.000E+00  0.000E+00  0.000E+00  0.000E+00  4.707E+09  1.024E+12  5.631E+12  1.108E+13  1.420E+13  1.332E+13  8.912E+12  3.344E+12  2.294E+11  5.051E+07  0.000E+00  0.000E+00  0.000E+00  0.000E+00  0.000E+00  0.000E+00
  326.5000  0.000E+00  0.000E+00  0.000E+00  0.000E+00  0.000E+00  0.000E+00  0.000E+00  0.000E+00  8.752E+09  1.967E+12  9.145E+12  1.669E+13  2.085E+13  1.968E+13  1.374E+13  5.764E+12  4.482E+11  8.230E+07  0.000E+00  0.000E+00  0.000E+00  0.000E+00  0.000E+00  0.000E+00
  327.5000  0.000E+00  0.000E+00  0.000E+00  0.000E+00  0.000E+00  0.000E+00  0.000E+00  0.000E+00  7.042E+09  1.572E+12  7.781E+12  1.458E+13  1.838E+13  1.732E+13  1.190E+13  4.802E+12  3.536E+11  7.066E+07  0.000E+00  0.000E+00  0.000E+00  0.000E+00  0.000E+00  0.000E+00
  328.5000  0.000E+00  0.000E+00  0.000E+00  0.000E+00  0.000E+00  0.000E+00  0.000E+00  0.000E+00  6.479E+09  1.461E+12  7.241E+12  1.357E+13  1.712E+13  1.612E+13  1.108E+13  4.468E+12  3.268E+11  6.562E+07  0.000E+00  0.000E+00  0.000E+00  0.000E+00  0.000E+00  0.000E+00
  329.5000  0.000E+00  0.000E+00  0.000E+00  0.000E+00  0.000E+00  0.000E+00  0.000E+00  0.000E+00  1.246E+10  2.757E+12  1.173E+13  2.073E+13  2.565E+13  2.427E+13  1.722E+13  7.597E+12  6.499E+11  1.104E+08  0.000E+00  0.000E+00  0.000E+00  0.000E+00  0.000E+00  0.000E+00
  330.5000  0.000E+00  0.000E+00  0.000E+00  0.000E+00  0.000E+00  0.000E+00  0.000E+00  0.000E+00  9.549E+09  2.145E+12  9.776E+12  1.774E+13  2.215E+13  2.091E+13  1.462E+13  6.199E+12  4.910E+11  9.127E+07  0.000E+00  0.000E+00  0.000E+00  0.000E+00  0.000E+00  0.000E+00
  331.5000  0.000E+00  0.000E+00  0.000E+00  0.000E+00  0.000E+00  0.000E+00  0.000E+00  0.000E+00  9.101E+09  2.059E+12  9.529E+12  1.740E+13  2.177E+13  2.054E+13  1.431E+13  6.043E+12  4.677E+11  8.893E+07  0.000E+00  0.000E+00  0.000E+00  0.000E+00  0.000E+00  0.000E+00
  332.5000  0.000E+00  0.000E+00  0.000E+00  0.000E+00  0.000E+00  0.000E+00  0.000E+00  0.000E+00  1.231E+10  2.694E+12  1.105E+13  1.932E+13  2.385E+13  2.258E+13  1.611E+13  7.270E+12  6.460E+11  1.076E+08  0.000E+00  0.000E+00  0.000E+00  0.000E+00  0.000E+00  0.000E+00
  333.5000  0.000E+00  0.000E+00  0.000E+00  0.000E+00  0.000E+00  0.000E+00  0.000E+00  0.000E+00  1.004E+10  2.247E+12  9.744E+12  1.739E+13  2.160E+13  2.042E+13  1.440E+13  6.304E+12  5.234E+11  9.366E+07  0.000E+00  0.000E+00  0.000E+00  0.000E+00  0.000E+00  0.000E+00
  334.5000  0.000E+00  0.000E+00  0.000E+00  0.000E+00  0.000E+00  0.000E+00  0.000E+00  0.000E+00  1.205E+10  2.684E+12  1.133E+13  2.004E+13  2.483E+13  2.349E+13  1.664E+13  7.392E+12  6.324E+11  1.102E+08  0.000E+00  0.000E+00  0.000E+00  0.000E+00  0.000E+00  0.000E+00
  335.5000  0.000E+00  0.000E+00  0.000E+00  0.000E+00  0.000E+00  0.000E+00  0.000E+00  0.000E+00  1.452E+10  3.142E+12  1.246E+13  2.159E+13  2.657E+13  2.518E+13  1.803E+13  8.277E+12  7.671E+11  1.252E+08  0.000E+00  0.000E+00  0.000E+00  0.000E+00  0.000E+00  0.000E+00
  336.5000  0.000E+00  0.000E+00  0.000E+00  0.000E+00  0.000E+00  0.000E+00  0.000E+00  0.000E+00  1.079E+10  2.366E+12  9.572E+12  1.671E+13  2.062E+13  1.952E+13  1.392E+13  6.322E+12  5.704E+11  9.581E+07  0.000E+00  0.000E+00  0.000E+00  0.000E+00  0.000E+00  0.000E+00
  337.5000  0.000E+00  0.000E+00  0.000E+00  0.000E+00  0.000E+00  0.000E+00  0.000E+00  0.000E+00  1.054E+10  2.364E+12  1.001E+13  1.775E+13  2.203E+13  2.083E+13  1.472E+13  6.522E+12  5.549E+11  9.891E+07  0.000E+00  0.000E+00  0.000E+00  0.000E+00  0.000E+00  0.000E+00
  338.5000  0.000E+00  0.000E+00  0.000E+00  0.000E+00  0.000E+00  0.000E+00  0.000E+00  0.000E+00  1.333E+10  2.905E+12  1.150E+13  1.997E+13  2.460E+13  2.331E+13  1.667E+13  7.645E+12  7.083E+11  1.174E+08  0.000E+00  0.000E+00  0.000E+00  0.000E+00  0.000E+00  0.000E+00
  339.5000  0.000E+00  0.000E+00  0.000E+00  0.000E+00  0.000E+00  0.000E+00  0.000E+00  0.000E+00  1.487E+10  3.236E+12  1.271E+13  2.201E+13  2.710E+13  2.568E+13  1.838E+13  8.464E+12  7.927E+11  1.306E+08  0.000E+00  0.000E+00  0.000E+00  0.000E+00  0.000E+00  0.000E+00
  340.5000  0.000E+00  0.000E+00  0.000E+00  0.000E+00  0.000E+00  0.000E+00  0.000E+00  0.000E+00  1.486E+10  3.289E+12  1.326E+13  2.318E+13  2.864E+13  2.711E+13  1.930E+13  8.764E+12  7.918E+11  1.354E+08  0.000E+00  0.000E+00  0.000E+00  0.000E+00  0.000E+00  0.000E+00
  341.5000  0.000E+00  0.000E+00  0.000E+00  0.000E+00  0.000E+00  0.000E+00  0.000E+00  0.000E+00  1.459E+10  3.170E+12  1.233E+13  2.133E+13  2.627E+13  2.489E+13  1.782E+13  8.234E+12  7.803E+11  1.287E+08  0.000E+00  0.000E+00  0.000E+00  0.000E+00  0.000E+00  0.000E+00
  342.5000  0.000E+00  0.000E+00  0.000E+00  0.000E+00  0.000E+00  0.000E+00  0.000E+00  0.000E+00  1.648E+10  3.577E+12  1.383E+13  2.390E+13  2.943E+13  2.788E+13  1.997E+13  9.252E+12  8.835E+11  1.454E+08  0.000E+00  0.000E+00  0.000E+00  0.000E+00  0.000E+00  0.000E+00
  343.5000  0.000E+00  0.000E+00  0.000E+00  0.000E+00  0.000E+00  0.000E+00  0.000E+00  0.000E+00  1.655E+10  3.634E+12  1.424E+13  2.473E+13  3.050E+13  2.889E+13  2.063E+13  9.487E+12  8.886E+11  1.493E+08  0.000E+00  0.000E+00  0.000E+00  0.000E+00  0.000E+00  0.000E+00
  344.5000  0.000E+00  0.000E+00  0.000E+00  0.000E+00  0.000E+00  0.000E+00  0.000E+00  0.000E+00  1.118E+10  2.483E+12  9.875E+12  1.725E+13  2.131E+13  2.018E+13  1.436E+13  6.551E+12  6.009E+11  1.033E+08  0.000E+00  0.000E+00  0.000E+00  0.000E+00  0.000E+00  0.000E+00
  345.5000  0.000E+00  0.000E+00  0.000E+00  0.000E+00  0.000E+00  0.000E+00  0.000E+00  0.000E+00  1.695E+10  3.688E+12  1.415E+13  2.446E+13  3.013E+13  2.855E+13  2.043E+13  9.483E+12  9.139E+11  1.513E+08  0.000E+00  0.000E+00  0.000E+00  0.000E+00  0.000E+00  0.000E+00
  346.5000  0.000E+00  0.000E+00  0.000E+00  0.000E+00  0.000E+00  0.000E+00  0.000E+00  0.000E+00  1.493E+10  3.308E+12  1.299E+13  2.263E+13  2.796E+13  2.647E+13  1.885E+13  8.646E+12  8.060E+11  1.380E+08  0.000E+00  0.000E+00  0.000E+00  0.000E+00  0.000E+00  0.000E+00
  347.5000  0.000E+00  0.000E+00  0.000E+00  0.000E+00  0.000E+00  0.000E+00  0.000E+00  0.000E+00  1.471E+10  3.264E+12  1.279E+13  2.230E+13  2.755E+13  2.608E+13  1.857E+13  8.519E+12  7.958E+11  1.365E+08  0.000E+00  0.000E+00  0.000E+00  0.000E+00  0.000E+00  0.000E+00
  348.5000  0.000E+00  0.000E+00  0.000E+00  0.000E+00  0.000E+00  0.000E+00  0.000E+00  0.000E+00  1.654E+10  3.664E+12  1.425E+13  2.481E+13  3.065E+13  2.902E+13  2.067E+13  9.511E+12  8.972E+11  1.533E+08  0.000E+00  0.000E+00  0.000E+00  0.000E+00  0.000E+00  0.000E+00
  349.5000  0.000E+00  0.000E+00  0.000E+00  0.000E+00  0.000E+00  0.000E+00  0.000E+00  0.000E+00  1.383E+10  3.077E+12  1.199E+13  2.091E+13  2.584E+13  2.446E+13  1.741E+13  7.997E+12  7.520E+11  1.293E+08  0.000E+00  0.000E+00  0.000E+00  0.000E+00  0.000E+00  0.000E+00
  350.5000  0.000E+00  0.000E+00  0.000E+00  0.000E+00  0.000E+00  0.000E+00  0.000E+00  0.000E+00  1.947E+10  4.345E+12  1.691E+13  2.950E+13  3.647E+13  3.452E+13  2.456E+13  1.128E+13  1.062E+12  1.831E+08  0.000E+00  0.000E+00  0.000E+00  0.000E+00  0.000E+00  0.000E+00
  351.5000  0.000E+00  0.000E+00  0.000E+00  0.000E+00  0.000E+00  0.000E+00  0.000E+00  0.000E+00  1.665E+10  3.737E+12  1.460E+13  2.553E+13  3.158E+13  2.989E+13  2.123E+13  9.726E+12  9.099E+11  1.583E+08  0.000E+00  0.000E+00  0.000E+00  0.000E+00  0.000E+00  0.000E+00
  352.5000  0.000E+00  0.000E+00  0.000E+00  0.000E+00  0.000E+00  0.000E+00  0.000E+00  0.000E+00  1.514E+10  3.404E+12  1.327E+13  2.322E+13  2.872E+13  2.718E+13  1.931E+13  8.845E+12  8.294E+11  1.445E+08  0.000E+00  0.000E+00  0.000E+00  0.000E+00  0.000E+00  0.000E+00
  353.5000  0.000E+00  0.000E+00  0.000E+00  0.000E+00  0.000E+00  0.000E+00  0.000E+00  0.000E+00  1.845E+10  4.151E+12  1.613E+13  2.821E+13  3.491E+13  3.304E+13  2.346E+13  1.076E+13  1.013E+12  1.766E+08  0.000E+00  0.000E+00  0.000E+00  0.000E+00  0.000E+00  0.000E+00
  354.5000  0.000E+00  0.000E+00  0.000E+00  0.000E+00  0.000E+00  0.000E+00  0.000E+00  0.000E+00  2.017E+10  4.545E+12  1.761E+13  3.081E+13  3.812E+13  3.608E+13  2.562E+13  1.175E+13  1.111E+12  1.938E+08  0.000E+00  0.000E+00  0.000E+00  0.000E+00  0.000E+00  0.000E+00
  355.5000  0.000E+00  0.000E+00  0.000E+00  0.000E+00  0.000E+00  0.000E+00  0.000E+00  0.000E+00  1.889E+10  4.269E+12  1.655E+13  2.898E+13  3.588E+13  3.395E+13  2.409E+13  1.104E+13  1.043E+12  1.826E+08  0.000E+00  0.000E+00  0.000E+00  0.000E+00  0.000E+00  0.000E+00
  356.5000  0.000E+00  0.000E+00  0.000E+00  0.000E+00  0.000E+00  0.000E+00  0.000E+00  0.000E+00  1.751E+10  3.977E+12  1.543E+13  2.706E+13  3.352E+13  3.172E+13  2.248E+13  1.028E+13  9.693E+11  1.707E+08  0.000E+00  0.000E+00  0.000E+00  0.000E+00  0.000E+00  0.000E+00
  357.5000  0.000E+00  0.000E+00  0.000E+00  0.000E+00  0.000E+00  0.000E+00  0.000E+00  0.000E+00  1.487E+10  3.391E+12  1.318E+13  2.315E+13  2.869E+13  2.714E+13  1.922E+13  8.764E+12  8.253E+11  1.462E+08  0.000E+00  0.000E+00  0.000E+00  0.000E+00  0.000E+00  0.000E+00
  358.5000  0.000E+00  0.000E+00  0.000E+00  0.000E+00  0.000E+00  0.000E+00  0.000E+00  0.000E+00  1.154E+10  2.638E+12  1.024E+13  1.800E+13  2.231E+13  2.111E+13  1.494E+13  6.806E+12  6.420E+11  1.140E+08  0.000E+00  0.000E+00  0.000E+00  0.000E+00  0.000E+00  0.000E+00
  359.5000  0.000E+00  0.000E+00  0.000E+00  0.000E+00  0.000E+00  0.000E+00  0.000E+00  0.000E+00  1.943E+10  4.459E+12  1.732E+13  3.049E+13  3.781E+13  3.577E+13  2.530E+13  1.150E+13  1.084E+12  1.934E+08  0.000E+00  0.000E+00  0.000E+00  0.000E+00  0.000E+00  0.000E+00
  360.5000  0.000E+00  0.000E+00  0.000E+00  0.000E+00  0.000E+00  0.000E+00  0.000E+00  0.000E+00  1.804E+10  4.153E+12  1.614E+13  2.845E+13  3.530E+13  3.339E+13  2.360E+13  1.070E+13  1.008E+12  1.807E+08  0.000E+00  0.000E+00  0.000E+00  0.000E+00  0.000E+00  0.000E+00
  361.5000  0.000E+00  0.000E+00  0.000E+00  0.000E+00  0.000E+00  0.000E+00  0.000E+00  0.000E+00  1.632E+10  3.769E+12  1.465E+13  2.584E+13  3.207E+13  3.033E+13  2.143E+13  9.701E+12  9.149E+11  1.645E+08  0.000E+00  0.000E+00  0.000E+00  0.000E+00  0.000E+00  0.000E+00
  362.5000  0.000E+00  0.000E+00  0.000E+00  0.000E+00  0.000E+00  0.000E+00  0.000E+00  0.000E+00  1.922E+10  4.452E+12  1.730E+13  3.056E+13  3.794E+13  3.588E+13  2.533E+13  1.145E+13  1.080E+12  1.949E+08  0.000E+00  0.000E+00  0.000E+00  0.000E+00  0.000E+00  0.000E+00
  363.5000  0.000E+00  0.000E+00  0.000E+00  0.000E+00  0.000E+00  0.000E+00  0.000E+00  0.000E+00  1.711E+10  3.980E+12  1.548E+13  2.737E+13  3.399E+13  3.214E+13  2.267E+13  1.023E+13  9.643E+11  1.748E+08  0.000E+00  0.000E+00  0.000E+00  0.000E+00  0.000E+00  0.000E+00
  364.5000  0.000E+00  0.000E+00  0.000E+00  0.000E+00  0.000E+00  0.000E+00  0.000E+00  0.000E+00  1.866E+10  4.357E+12  1.697E+13  3.005E+13  3.733E+13  3.530E+13  2.488E+13  1.120E+13  1.054E+12  1.921E+08  0.000E+00  0.000E+00  0.000E+00  0.000E+00  0.000E+00  0.000E+00
  365.5000  0.000E+00  0.000E+00  0.000E+00  0.000E+00  0.000E+00  0.000E+00  0.000E+00  0.000E+00  2.271E+10  5.326E+12  2.077E+13  3.684E+13  4.578E+13  4.329E+13  3.049E+13  1.369E+13  1.286E+12  2.356E+08  0.000E+00  0.000E+00  0.000E+00  0.000E+00  0.000E+00  0.000E+00
  366.5000  0.000E+00  0.000E+00  0.000E+00  0.000E+00  0.000E+00  0.000E+00  0.000E+00  0.000E+00  2.407E+10  5.668E+12  2.211E+13  3.927E+13  4.881E+13  4.615E+13  3.248E+13  1.455E+13  1.368E+12  2.514E+08  0.000E+00  0.000E+00  0.000E+00  0.000E+00  0.000E+00  0.000E+00
  367.5000  0.000E+00  0.000E+00  0.000E+00  0.000E+00  0.000E+00  0.000E+00  0.000E+00  0.000E+00  2.291E+10  5.412E+12  2.111E+13  3.755E+13  4.669E+13  4.414E+13  3.105E+13  1.388E+13  1.305E+12  2.408E+08  0.000E+00  0.000E+00  0.000E+00  0.000E+00  0.000E+00  0.000E+00
  368.5000  0.000E+00  0.000E+00  0.000E+00  0.000E+00  0.000E+00  0.000E+00  0.000E+00  0.000E+00  2.015E+10  4.775E+12  1.864E+13  3.321E+13  4.130E+13  3.905E+13  2.745E+13  1.224E+13  1.150E+12  2.131E+08  0.000E+00  0.000E+00  0.000E+00  0.000E+00  0.000E+00  0.000E+00
  369.5000  0.000E+00  0.000E+00  0.000E+00  0.000E+00  0.000E+00  0.000E+00  0.000E+00  0.000E+00  2.418E+10  5.753E+12  2.248E+13  4.010E+13  4.989E+13  4.717E+13  3.313E+13  1.475E+13  1.384E+12  2.576E+08  0.000E+00  0.000E+00  0.000E+00  0.000E+00  0.000E+00  0.000E+00
  370.5000  0.000E+00  0.000E+00  0.000E+00  0.000E+00  0.000E+00  0.000E+00  0.000E+00  0.000E+00  2.190E+10  5.241E+12  2.050E+13  3.662E+13  4.558E+13  4.309E+13  3.024E+13  1.343E+13  1.259E+12  2.353E+08  0.000E+00  0.000E+00  0.000E+00  0.000E+00  0.000E+00  0.000E+00
  371.5000  0.000E+00  0.000E+00  0.000E+00  0.000E+00  0.000E+00  0.000E+00  0.000E+00  0.000E+00  2.507E+10  6.024E+12  2.359E+13  4.219E+13  5.253E+13  4.965E+13  3.482E+13  1.543E+13  1.445E+12  2.712E+08  0.000E+00  0.000E+00  0.000E+00  0.000E+00  0.000E+00  0.000E+00
  372.5000  0.000E+00  0.000E+00  0.000E+00  0.000E+00  0.000E+00  0.000E+00  0.000E+00  0.000E+00  1.855E+10  4.471E+12  1.752E+13  3.138E+13  3.908E+13  3.694E+13  2.589E+13  1.145E+13  1.072E+12  2.019E+08  0.000E+00  0.000E+00  0.000E+00  0.000E+00  0.000E+00  0.000E+00
  373.5000  0.000E+00  0.000E+00  0.000E+00  0.000E+00  0.000E+00  0.000E+00  0.000E+00  0.000E+00  1.673E+10  4.057E+12  1.592E+13  2.855E+13  3.557E+13  3.362E+13  2.355E+13  1.039E+13  9.707E+11  1.837E+08  0.000E+00  0.000E+00  0.000E+00  0.000E+00  0.000E+00  0.000E+00
  374.5000  0.000E+00  0.000E+00  0.000E+00  0.000E+00  0.000E+00  0.000E+00  0.000E+00  0.000E+00  1.836E+10  4.470E+12  1.756E+13  3.155E+13  3.931E+13  3.715E+13  2.600E+13  1.145E+13  1.068E+12  2.031E+08  0.000E+00  0.000E+00  0.000E+00  0.000E+00  0.000E+00  0.000E+00
  375.5000  0.000E+00  0.000E+00  0.000E+00  0.000E+00  0.000E+00  0.000E+00  0.000E+00  0.000E+00  2.072E+10  5.067E+12  1.992E+13  3.584E+13  4.467E+13  4.222E+13  2.953E+13  1.297E+13  1.209E+12  2.308E+08  0.000E+00  0.000E+00  0.000E+00  0.000E+00  0.000E+00  0.000E+00
  376.5000  0.000E+00  0.000E+00  0.000E+00  0.000E+00  0.000E+00  0.000E+00  0.000E+00  0.000E+00  2.078E+10  5.083E+12  2.000E+13  3.604E+13  4.493E+13  4.246E+13  2.968E+13  1.300E+13  1.212E+12  2.324E+08  0.000E+00  0.000E+00  0.000E+00  0.000E+00  0.000E+00  0.000E+00
  377.5000  0.000E+00  0.000E+00  0.000E+00  0.000E+00  0.000E+00  0.000E+00  0.000E+00  0.000E+00  2.466E+10  6.079E+12  2.395E+13  4.320E+13  5.388E+13  5.092E+13  3.557E+13  1.555E+13  1.448E+12  2.785E+08  0.000E+00  0.000E+00  0.000E+00  0.000E+00  0.000E+00  0.000E+00
  378.5000  0.000E+00  0.000E+00  0.000E+00  0.000E+00  0.000E+00  0.000E+00  0.000E+00  0.000E+00  2.687E+10  6.653E+12  2.624E+13  4.741E+13  5.914E+13  5.589E+13  3.902E+13  1.702E+13  1.582E+12  3.056E+08  0.000E+00  0.000E+00  0.000E+00  0.000E+00  0.000E+00  0.000E+00
  379.5000  0.000E+00  0.000E+00  0.000E+00  0.000E+00  0.000E+00  0.000E+00  0.000E+00  0.000E+00  1.991E+10  4.942E+12  1.952E+13  3.531E+13  4.407E+13  4.164E+13  2.905E+13  1.264E+13  1.174E+12  2.278E+08  0.000E+00  0.000E+00  0.000E+00  0.000E+00  0.000E+00  0.000E+00
  380.5000  0.000E+00  0.000E+00  0.000E+00  0.000E+00  0.000E+00  0.000E+00  0.000E+00  0.000E+00  2.395E+10  5.970E+12  2.360E+13  4.276E+13  5.337E+13  5.043E+13  3.517E+13  1.526E+13  1.417E+12  2.759E+08  0.000E+00  0.000E+00  0.000E+00  0.000E+00  0.000E+00  0.000E+00
  381.5000  0.000E+00  0.000E+00  0.000E+00  0.000E+00  0.000E+00  0.000E+00  0.000E+00  0.000E+00  2.249E+10  5.634E+12  2.230E+13  4.046E+13  5.051E+13  4.772E+13  3.326E+13  1.440E+13  1.335E+12  2.610E+08  0.000E+00  0.000E+00  0.000E+00  0.000E+00  0.000E+00  0.000E+00
  382.5000  0.000E+00  0.000E+00  0.000E+00  0.000E+00  0.000E+00  0.000E+00  0.000E+00  0.000E+00  1.499E+10  3.770E+12  1.494E+13  2.715E+13  3.390E+13  3.203E+13  2.231E+13  9.636E+12  8.917E+11  1.751E+08  0.000E+00  0.000E+00  0.000E+00  0.000E+00  0.000E+00  0.000E+00
  383.5000  0.000E+00  0.000E+00  0.000E+00  0.000E+00  0.000E+00  0.000E+00  0.000E+00  0.000E+00  1.317E+10  3.324E+12  1.319E+13  2.400E+13  2.998E+13  2.832E+13  1.972E+13  8.496E+12  7.858E+11  1.549E+08  0.000E+00  0.000E+00  0.000E+00  0.000E+00  0.000E+00  0.000E+00
  384.5000  0.000E+00  0.000E+00  0.000E+00  0.000E+00  0.000E+00  0.000E+00  0.000E+00  0.000E+00  1.978E+10  5.010E+12  1.990E+13  3.627E+13  4.531E+13  4.280E+13  2.978E+13  1.280E+13  1.184E+12  2.341E+08  0.000E+00  0.000E+00  0.000E+00  0.000E+00  0.000E+00  0.000E+00
  385.5000  0.000E+00  0.000E+00  0.000E+00  0.000E+00  0.000E+00  0.000E+00  0.000E+00  0.000E+00  1.953E+10  4.977E+12  1.980E+13  3.613E+13  4.515E+13  4.265E+13  2.966E+13  1.272E+13  1.174E+12  2.330E+08  0.000E+00  0.000E+00  0.000E+00  0.000E+00  0.000E+00  0.000E+00
  386.5000  0.000E+00  0.000E+00  0.000E+00  0.000E+00  0.000E+00  0.000E+00  0.000E+00  0.000E+00  1.995E+10  5.095E+12  2.029E+13  3.709E+13  4.635E+13  4.378E+13  3.043E+13  1.302E+13  1.200E+12  2.393E+08  0.000E+00  0.000E+00  0.000E+00  0.000E+00  0.000E+00  0.000E+00
  387.5000  0.000E+00  0.000E+00  0.000E+00  0.000E+00  0.000E+00  0.000E+00  0.000E+00  0.000E+00  1.852E+10  4.755E+12  1.896E+13  3.471E+13  4.338E+13  4.098E+13  2.847E+13  1.215E+13  1.120E+12  2.238E+08  0.000E+00  0.000E+00  0.000E+00  0.000E+00  0.000E+00  0.000E+00
  388.5000  0.000E+00  0.000E+00  0.000E+00  0.000E+00  0.000E+00  0.000E+00  0.000E+00  0.000E+00  1.853E+10  4.786E+12  1.911E+13  3.503E+13  4.379E+13  4.137E+13  2.873E+13  1.223E+13  1.124E+12  2.258E+08  0.000E+00  0.000E+00  0.000E+00  0.000E+00  0.000E+00  0.000E+00
  389.5000  0.000E+00  0.000E+00  0.000E+00  0.000E+00  0.000E+00  0.000E+00  0.000E+00  0.000E+00  2.341E+10  6.061E+12  2.424E+13  4.449E+13  5.562E+13  5.254E+13  3.647E+13  1.549E+13  1.422E+12  2.867E+08  0.000E+00  0.000E+00  0.000E+00  0.000E+00  0.000E+00  0.000E+00
  390.5000  0.000E+00  0.000E+00  0.000E+00  0.000E+00  0.000E+00  0.000E+00  0.000E+00  0.000E+00  2.299E+10  5.978E+12  2.394E+13  4.400E+13  5.502E+13  5.197E+13  3.606E+13  1.527E+13  1.401E+12  2.835E+08  0.000E+00  0.000E+00  0.000E+00  0.000E+00  0.000E+00  0.000E+00
  391.5000  0.000E+00  0.000E+00  0.000E+00  0.000E+00  0.000E+00  0.000E+00  0.000E+00  0.000E+00  2.725E+10  7.122E+12  2.856E+13  5.257E+13  6.573E+13  6.209E+13  4.306E+13  1.819E+13  1.667E+12  3.386E+08  0.000E+00  0.000E+00  0.000E+00  0.000E+00  0.000E+00  0.000E+00
  392.5000  0.000E+00  0.000E+00  0.000E+00  0.000E+00  0.000E+00  0.000E+00  0.000E+00  0.000E+00  2.039E+10  5.363E+12  2.154E+13  3.970E+13  4.964E+13  4.689E+13  3.251E+13  1.370E+13  1.255E+12  2.555E+08  0.000E+00  0.000E+00  0.000E+00  0.000E+00  0.000E+00  0.000E+00
  393.5000  0.000E+00  0.000E+00  0.000E+00  0.000E+00  0.000E+00  0.000E+00  0.000E+00  0.000E+00  8.883E+09  2.341E+12  9.417E+12  1.738E+13  2.174E+13  2.053E+13  1.423E+13  5.982E+12  5.469E+11  1.118E+08  0.000E+00  0.000E+00  0.000E+00  0.000E+00  0.000E+00  0.000E+00
  394.5000  0.000E+00  0.000E+00  0.000E+00  0.000E+00  0.000E+00  0.000E+00  0.000E+00  0.000E+00  2.084E+10  5.531E+12  2.228E+13  4.118E+13  5.151E+13  4.865E+13  3.370E+13  1.413E+13  1.290E+12  2.647E+08  0.000E+00  0.000E+00  0.000E+00  0.000E+00  0.000E+00  0.000E+00
  395.5000  0.000E+00  0.000E+00  0.000E+00  0.000E+00  0.000E+00  0.000E+00  0.000E+00  0.000E+00  2.680E+10  7.146E+12  2.884E+13  5.335E+13  6.674E+13  6.305E+13  4.366E+13  1.826E+13  1.665E+12  3.428E+08  0.000E+00  0.000E+00  0.000E+00  0.000E+00  0.000E+00  0.000E+00
  396.5000  0.000E+00  0.000E+00  0.000E+00  0.000E+00  0.000E+00  0.000E+00  0.000E+00  0.000E+00  1.574E+10  4.214E+12  1.703E+13  3.155E+13  3.947E+13  3.728E+13  2.581E+13  1.077E+13  9.809E+11  2.026E+08  0.000E+00  0.000E+00  0.000E+00  0.000E+00  0.000E+00  0.000E+00
  397.5000  0.000E+00  0.000E+00  0.000E+00  0.000E+00  0.000E+00  0.000E+00  0.000E+00  0.000E+00  1.820E+10  4.884E+12  1.976E+13  3.666E+13  4.587E+13  4.333E+13  2.998E+13  1.248E+13  1.135E+12  2.355E+08  0.000E+00  0.000E+00  0.000E+00  0.000E+00  0.000E+00  0.000E+00
  398.5000  0.000E+00  0.000E+00  0.000E+00  0.000E+00  0.000E+00  0.000E+00  0.000E+00  0.000E+00  3.125E+10  8.428E+12  3.416E+13  6.345E+13  7.938E+13  7.499E+13  5.187E+13  2.154E+13  1.957E+12  4.071E+08  0.000E+00  0.000E+00  0.000E+00  0.000E+00  0.000E+00  0.000E+00
  399.5000  0.000E+00  0.000E+00  0.000E+00  0.000E+00  0.000E+00  0.000E+00  0.000E+00  0.000E+00  3.247E+10  8.803E+12  3.574E+13  6.646E+13  8.315E+13  7.855E+13  5.432E+13  2.311E+13  2.041E+12  4.261E+08  0.000E+00  0.000E+00  0.000E+00  0.000E+00  0.000E+00  0.000E+00
  400.5000  0.000E+00  0.000E+00  0.000E+00  0.000E+00  0.000E+00  0.000E+00  0.000E+00  0.000E+00  3.420E+10  9.292E+12  3.779E+13  7.036E+13  8.803E+13  8.317E+13  5.750E+13  2.440E+13  2.153E+12  4.510E+08  0.000E+00  0.000E+00  0.000E+00  0.000E+00  0.000E+00  0.000E+00
  401.5000  0.000E+00  0.000E+00  0.000E+00  0.000E+00  0.000E+00  0.000E+00  0.000E+00  0.000E+00  3.512E+10  9.599E+12  3.910E+13  7.290E+13  9.121E+13  8.617E+13  5.956E+13  2.521E+13  2.222E+12  4.668E+08  0.000E+00  0.000E+00  0.000E+00  0.000E+00  0.000E+00  0.000E+00
  402.5000  0.000E+00  0.000E+00  0.000E+00  0.000E+00  0.000E+00  0.000E+00  0.000E+00  0.000E+00  3.639E+10  1.001E+13  4.083E+13  7.621E+13  9.536E+13  9.009E+13  6.225E+13  2.629E+13  2.313E+12  4.876E+08  0.000E+00  0.000E+00  0.000E+00  0.000E+00  0.000E+00  0.000E+00
  403.5000  0.000E+00  0.000E+00  0.000E+00  0.000E+00  0.000E+00  0.000E+00  0.000E+00  0.000E+00  3.329E+10  9.197E+12  3.759E+13  7.025E+13  8.790E+13  8.304E+13  5.737E+13  2.418E+13  2.124E+12  4.490E+08  0.000E+00  0.000E+00  0.000E+00  0.000E+00  0.000E+00  0.000E+00
  404.5000  0.000E+00  0.000E+00  0.000E+00  0.000E+00  0.000E+00  0.000E+00  0.000E+00  0.000E+00  3.273E+10  9.058E+12  3.709E+13  6.939E+13  8.682E+13  8.202E+13  5.665E+13  2.383E+13  2.090E+12  4.434E+08  0.000E+00  0.000E+00  0.000E+00  0.000E+00  0.000E+00  0.000E+00
  405.5000  0.000E+00  0.000E+00  0.000E+00  0.000E+00  0.000E+00  0.000E+00  0.000E+00  0.000E+00  3.389E+10  9.449E+12  3.875E+13  7.259E+13  9.082E+13  8.581E+13  5.926E+13  2.487E+13  2.177E+12  4.633E+08  0.000E+00  0.000E+00  0.000E+00  0.000E+00  0.000E+00  0.000E+00
  406.5000  0.000E+00  0.000E+00  0.000E+00  0.000E+00  0.000E+00  0.000E+00  0.000E+00  0.000E+00  3.195E+10  8.935E+12  3.672E+13  6.885E+13  8.614E+13  8.139E+13  5.619E+13  2.353E+13  2.056E+12  4.391E+08  0.000E+00  0.000E+00  0.000E+00  0.000E+00  0.000E+00  0.000E+00
  407.5000  0.000E+00  0.000E+00  0.000E+00  0.000E+00  0.000E+00  0.000E+00  0.000E+00  0.000E+00  3.216E+10  9.043E+12  3.723E+13  6.990E+13  8.745E+13  8.263E+13  5.704E+13  2.383E+13  2.078E+12  4.453E+08  0.000E+00  0.000E+00  0.000E+00  0.000E+00  0.000E+00  0.000E+00
  408.5000  0.000E+00  0.000E+00  0.000E+00  0.000E+00  0.000E+00  0.000E+00  0.000E+00  0.000E+00  3.577E+10  1.011E+13  4.170E+13  7.838E+13  9.806E+13  9.266E+13  6.395E+13  2.666E+13  2.321E+12  4.987E+08  0.000E+00  0.000E+00  0.000E+00  0.000E+00  0.000E+00  0.000E+00
  409.5000  0.000E+00  0.000E+00  0.000E+00  0.000E+00  0.000E+00  0.000E+00  0.000E+00  0.000E+00  3.510E+10  9.950E+12  4.112E+13  7.738E+13  9.680E+13  9.147E+13  6.312E+13  2.626E+13  2.282E+12  4.920E+08  0.000E+00  0.000E+00  0.000E+00  0.000E+00  0.000E+00  0.000E+00
  410.5000  0.000E+00  0.000E+00  0.000E+00  0.000E+00  0.000E+00  0.000E+00  0.000E+00  0.000E+00  3.042E+10  8.664E+12  3.587E+13  6.757E+13  8.453E+13  7.988E+13  5.511E+13  2.288E+13  1.985E+12  4.292E+08  0.000E+00  0.000E+00  0.000E+00  0.000E+00  0.000E+00  0.000E+00
  411.5000  0.000E+00  0.000E+00  0.000E+00  0.000E+00  0.000E+00  0.000E+00  0.000E+00  0.000E+00  3.651E+10  1.046E+13  4.338E+13  8.180E+13  1.023E+14  9.668E+13  6.671E+13  2.764E+13  2.393E+12  5.190E+08  0.000E+00  0.000E+00  0.000E+00  0.000E+00  0.000E+00  0.000E+00
  412.5000  0.000E+00  0.000E+00  0.000E+00  0.000E+00  0.000E+00  0.000E+00  0.000E+00  0.000E+00  3.620E+10  1.041E+13  4.326E+13  8.165E+13  1.021E+14  9.650E+13  6.658E+13  2.753E+13  2.380E+12  5.176E+08  0.000E+00  0.000E+00  0.000E+00  0.000E+00  0.000E+00  0.000E+00
  413.5000  0.000E+00  0.000E+00  0.000E+00  0.000E+00  0.000E+00  0.000E+00  0.000E+00  0.000E+00  3.507E+10  1.014E+13  4.221E+13  7.975E+13  9.972E+13  9.425E+13  6.502E+13  2.683E+13  2.316E+12  5.050E+08  0.000E+00  0.000E+00  0.000E+00  0.000E+00  0.000E+00  0.000E+00
  414.5000  0.000E+00  0.000E+00  0.000E+00  0.000E+00  0.000E+00  0.000E+00  0.000E+00  0.000E+00  3.604E+10  1.046E+13  4.365E+13  8.254E+13  1.032E+14  9.754E+13  6.729E+13  2.770E+13  2.388E+12  5.222E+08  0.000E+00  0.000E+00  0.000E+00  0.000E+00  0.000E+00  0.000E+00
  415.5000  0.000E+00  0.000E+00  0.000E+00  0.000E+00  0.000E+00  0.000E+00  0.000E+00  0.000E+00  3.443E+10  1.005E+13  4.199E+13  7.949E+13  9.938E+13  9.394E+13  6.479E+13  2.662E+13  2.290E+12  5.022E+08  0.000E+00  0.000E+00  0.000E+00  0.000E+00  0.000E+00  0.000E+00
  416.5000  0.000E+00  0.000E+00  0.000E+00  0.000E+00  0.000E+00  0.000E+00  0.000E+00  0.000E+00  3.746E+10  1.097E+13  4.597E+13  8.711E+13  1.089E+14  1.029E+14  7.100E+13  2.911E+13  2.499E+12  5.497E+08  0.000E+00  0.000E+00  0.000E+00  0.000E+00  0.000E+00  0.000E+00
  417.5000  0.000E+00  0.000E+00  0.000E+00  0.000E+00  0.000E+00  0.000E+00  0.000E+00  0.000E+00  3.420E+10  1.007E+13  4.228E+13  8.018E+13  1.002E+14  9.474E+13  6.535E+13  2.673E+13  2.291E+12  5.054E+08  0.000E+00  0.000E+00  0.000E+00  0.000E+00  0.000E+00  0.000E+00
  418.5000  0.000E+00  0.000E+00  0.000E+00  0.000E+00  0.000E+00  0.000E+00  0.000E+00  0.000E+00  3.452E+10  1.019E+13  4.287E+13  8.138E+13  1.017E+14  9.615E+13  6.632E+13  2.707E+13  2.316E+12  5.124E+08  0.000E+00  0.000E+00  0.000E+00  0.000E+00  0.000E+00  0.000E+00
  419.5000  0.000E+00  0.000E+00  0.000E+00  0.000E+00  0.000E+00  0.000E+00  0.000E+00  0.000E+00  3.555E+10  1.057E+13  4.456E+13  8.465E+13  1.058E+14  1.000E+14  6.898E+13  2.811E+13  2.400E+12  5.323E+08  0.000E+00  0.000E+00  0.000E+00  0.000E+00  0.000E+00  0.000E+00
------------------------------------------------------------
Photolysis rate coefficients, s-1
   1 = O3 -> O2 + O(1D)                                  
   2 = NO2 -> NO + O(3P)                                 
   3 = HNO2 -> OH + NO                                   
   4 = HNO3 -> OH + NO2                                  
   5 = ClNO2 -> Cl + NO2                                 
values at z =      0.263 km
Columns: time, sza, photo-reactions
time, hrs.  sza, deg.          1          2          3          4          5
    0.0000    146.948  0.000E+00  0.000E+00  0.000E+00  0.000E+00  0.000E+00
    1.0000    146.148  0.000E+00  0.000E+00  0.000E+00  0.000E+00  0.000E+00
    2.0000    142.011  0.000E+00  0.000E+00  0.000E+00  0.000E+00  0.000E+00
    3.0000    135.561  0.000E+00  0.000E+00  0.000E+00  0.000E+00  0.000E+00
    4.0000    127.817  0.000E+00  0.000E+00  0.000E+00  0.000E+00  0.000E+00
    5.0000    119.499  0.000E+00  0.000E+00  0.000E+00  0.000E+00  0.000E+00
    6.0000    111.101  0.000E+00  0.000E+00  0.000E+00  0.000E+00  0.000E+00
    7.0000    103.002  0.000E+00  0.000E+00  0.000E+00  0.000E+00  0.000E+00
    8.0000     95.538  2.482E-10  7.876E-07  1.302E-07  1.066E-11  2.912E-08
    9.0000     89.045  4.225E-08  1.939E-04  3.033E-05  2.102E-09  6.546E-06
   10.0000     83.867  2.020E-07  7.761E-04  1.201E-04  1.046E-08  2.744E-05
   11.0000     80.336  4.369E-07  1.406E-03  2.138E-04  2.137E-08  4.982E-05
   12.0000     78.720  5.972E-07  1.754E-03  2.657E-04  2.815E-08  6.240E-05
   13.0000     79.156  5.501E-07  1.657E-03  2.512E-04  2.620E-08  5.888E-05
   14.0000     81.604  3.365E-07  1.157E-03  1.768E-04  1.687E-08  4.096E-05
   15.0000     85.867  1.194E-07  5.031E-04  7.880E-05  6.243E-09  1.770E-05
   16.0000     91.640  1.191E-08  4.602E-05  7.302E-06  5.239E-10  1.570E-06
   17.0000     98.583  2.219E-12  8.859E-09  1.331E-09  1.046E-13  2.866E-10
   18.0000    106.352  0.000E+00  0.000E+00  0.000E+00  0.000E+00  0.000E+00
   19.0000    114.615  0.000E+00  0.000E+00  0.000E+00  0.000E+00  0.000E+00
   20.0000    123.023  0.000E+00  0.000E+00  0.000E+00  0.000E+00  0.000E+00
   21.0000    131.160  0.000E+00  0.000E+00  0.000E+00  0.000E+00  0.000E+00
   22.0000    138.448  0.000E+00  0.000E+00  0.000E+00  0.000E+00  0.000E+00
   23.0000    144.039  0.000E+00  0.000E+00  0.000E+00  0.000E+00  0.000E+00
------------------------------------------------------------
