Spectral actinic flux, quanta cm-2 s-1 nm-1
values at z =      0.263 km
Columns: wavelength (nm), times (hrs.) or sza (deg.)
    wc, nm      0.000      1.000      2.000      3.000      4.000      5.000      6.000      7.000      8.000      9.000     10.000     11.000     12.000     13.000     14.000     15.000     16.000     17.000     18.000     19.000     20.000     21.000     22.000     23.000
    sza =     147.044    146.215    142.050    135.581    127.826    119.504    111.108    103.016     95.562     89.082     83.919     80.406     78.808     79.259     81.720     85.992     91.773     98.719    106.491    114.754    123.162    131.298    138.583    144.164
  290.5000  0.000E+00  0.000E+00  0.000E+00  0.000E+00  0.000E+00  0.000E+00  0.000E+00  0.000E+00  0.000E+00  0.000E+00  0.000E+00  0.000E+00  0.000E+00  0.000E+00  0.000E+00  0.000E+00  0.000E+00  0.000E+00  0.000E+00  0.000E+00  0.000E+00  0.000E+00  0.000E+00  0.000E+00
  291.5000  0.000E+00  0.000E+00  0.000E+00  0.000E+00  0.000E+00  0.000E+00  0.000E+00  0.000E+00  1.025E+03  1.624E+05  3.498E+05  4.839E+05  5.508E+05  5.315E+05  4.321E+05  2.748E+05  6.092E+04  4.527E-04  0.000E+00  0.000E+00  0.000E+00  0.000E+00  0.000E+00  0.000E+00
  292.5000  0.000E+00  0.000E+00  0.000E+00  0.000E+00  0.000E+00  0.000E+00  0.000E+00  0.000E+00  3.382E+03  5.193E+05  1.139E+06  1.588E+06  1.815E+06  1.749E+06  1.414E+06  8.918E+05  1.975E+05  4.647E-03  0.000E+00  0.000E+00  0.000E+00  0.000E+00  0.000E+00  0.000E+00
  293.5000  0.000E+00  0.000E+00  0.000E+00  0.000E+00  0.000E+00  0.000E+00  0.000E+00  0.000E+00  1.338E+04  2.025E+06  4.463E+06  6.279E+06  7.208E+06  6.937E+06  5.570E+06  3.476E+06  7.672E+05  5.256E-02  0.000E+00  0.000E+00  0.000E+00  0.000E+00  0.000E+00  0.000E+00
  294.5000  0.000E+00  0.000E+00  0.000E+00  0.000E+00  0.000E+00  0.000E+00  0.000E+00  0.000E+00  3.322E+04  4.941E+06  1.101E+07  1.563E+07  1.802E+07  1.732E+07  1.381E+07  8.532E+06  1.876E+06  3.125E-01  0.000E+00  0.000E+00  0.000E+00  0.000E+00  0.000E+00  0.000E+00
  295.5000  0.000E+00  0.000E+00  0.000E+00  0.000E+00  0.000E+00  0.000E+00  0.000E+00  0.000E+00  1.134E+05  1.655E+07  3.741E+07  5.380E+07  6.244E+07  5.991E+07  4.732E+07  2.880E+07  6.278E+06  2.587E+00  0.000E+00  0.000E+00  0.000E+00  0.000E+00  0.000E+00  0.000E+00
  296.5000  0.000E+00  0.000E+00  0.000E+00  0.000E+00  0.000E+00  0.000E+00  0.000E+00  0.000E+00  2.619E+05  3.759E+07  8.642E+07  1.260E+08  1.472E+08  1.410E+08  1.102E+08  6.606E+07  1.426E+07  1.293E+01  0.000E+00  0.000E+00  0.000E+00  0.000E+00  0.000E+00  0.000E+00
  297.5000  0.000E+00  0.000E+00  0.000E+00  0.000E+00  0.000E+00  0.000E+00  0.000E+00  0.000E+00  6.558E+05  9.280E+07  2.173E+08  3.218E+08  3.789E+08  3.620E+08  2.799E+08  1.648E+08  3.508E+07  6.330E+01  0.000E+00  0.000E+00  0.000E+00  0.000E+00  0.000E+00  0.000E+00
  298.5000  0.000E+00  0.000E+00  0.000E+00  0.000E+00  0.000E+00  0.000E+00  0.000E+00  0.000E+00  1.002E+06  1.400E+08  3.346E+08  5.037E+08  5.979E+08  5.699E+08  4.353E+08  2.513E+08  5.272E+07  1.732E+02  0.000E+00  0.000E+00  0.000E+00  0.000E+00  0.000E+00  0.000E+00
  299.5000  0.000E+00  0.000E+00  0.000E+00  0.000E+00  0.000E+00  0.000E+00  0.000E+00  0.000E+00  2.873E+06  3.968E+08  9.728E+08  1.495E+09  1.794E+09  1.704E+09  1.281E+09  7.229E+08  1.486E+08  8.432E+02  0.000E+00  0.000E+00  0.000E+00  0.000E+00  0.000E+00  0.000E+00
  300.5000  0.000E+00  0.000E+00  0.000E+00  0.000E+00  0.000E+00  0.000E+00  0.000E+00  0.000E+00  3.334E+06  4.566E+08  1.148E+09  1.799E+09  2.185E+09  2.068E+09  1.530E+09  8.437E+08  1.702E+08  1.514E+03  0.000E+00  0.000E+00  0.000E+00  0.000E+00  0.000E+00  0.000E+00
  301.5000  0.000E+00  0.000E+00  0.000E+00  0.000E+00  0.000E+00  0.000E+00  0.000E+00  0.000E+00  8.512E+06  1.160E+09  3.012E+09  4.863E+09  6.028E+09  5.668E+09  4.085E+09  2.181E+09  4.260E+08  6.087E+03  0.000E+00  0.000E+00  0.000E+00  0.000E+00  0.000E+00  0.000E+00
  302.5000  0.000E+00  0.000E+00  0.000E+00  0.000E+00  0.000E+00  0.000E+00  0.000E+00  0.000E+00  1.272E+07  1.720E+09  4.615E+09  7.652E+09  9.681E+09  9.043E+09  6.352E+09  3.300E+09  6.278E+08  1.248E+04  0.000E+00  0.000E+00  0.000E+00  0.000E+00  0.000E+00  0.000E+00
  303.5000  0.000E+00  0.000E+00  0.000E+00  0.000E+00  0.000E+00  0.000E+00  0.000E+00  0.000E+00  2.747E+07  3.706E+09  1.039E+10  1.805E+10  2.368E+10  2.187E+10  1.467E+10  7.296E+09  1.332E+09  3.868E+04  0.000E+00  0.000E+00  0.000E+00  0.000E+00  0.000E+00  0.000E+00
  304.5000  0.000E+00  0.000E+00  0.000E+00  0.000E+00  0.000E+00  0.000E+00  0.000E+00  0.000E+00  3.494E+07  4.708E+09  1.364E+10  2.460E+10  3.317E+10  3.038E+10  1.963E+10  9.442E+09  1.675E+09  6.164E+04  0.000E+00  0.000E+00  0.000E+00  0.000E+00  0.000E+00  0.000E+00
  305.5000  0.000E+00  0.000E+00  0.000E+00  0.000E+00  0.000E+00  0.000E+00  0.000E+00  0.000E+00  5.894E+07  7.977E+09  2.462E+10  4.817E+10  6.815E+10  6.159E+10  3.707E+10  1.658E+10  2.778E+09  1.410E+05  0.000E+00  0.000E+00  0.000E+00  0.000E+00  0.000E+00  0.000E+00
  306.5000  0.000E+00  0.000E+00  0.000E+00  0.000E+00  0.000E+00  0.000E+00  0.000E+00  0.000E+00  6.924E+07  9.387E+09  2.996E+10  6.130E+10  8.859E+10  7.963E+10  4.629E+10  1.983E+10  3.231E+09  1.924E+05  0.000E+00  0.000E+00  0.000E+00  0.000E+00  0.000E+00  0.000E+00
  307.5000  0.000E+00  0.000E+00  0.000E+00  0.000E+00  0.000E+00  0.000E+00  0.000E+00  0.000E+00  1.274E+08  1.750E+10  6.113E+10  1.385E+11  2.070E+11  1.847E+11  1.007E+11  3.752E+10  5.852E+09  4.509E+05  0.000E+00  0.000E+00  0.000E+00  0.000E+00  0.000E+00  0.000E+00
  308.5000  0.000E+00  0.000E+00  0.000E+00  0.000E+00  0.000E+00  0.000E+00  0.000E+00  0.000E+00  1.587E+08  2.193E+10  7.993E+10  1.887E+11  2.845E+11  2.534E+11  1.353E+11  5.076E+10  7.230E+09  6.298E+05  0.000E+00  0.000E+00  0.000E+00  0.000E+00  0.000E+00  0.000E+00
  309.5000  0.000E+00  0.000E+00  0.000E+00  0.000E+00  0.000E+00  0.000E+00  0.000E+00  0.000E+00  1.700E+08  2.393E+10  9.600E+10  2.423E+11  3.671E+11  3.270E+11  1.708E+11  5.678E+10  7.648E+09  7.928E+05  0.000E+00  0.000E+00  0.000E+00  0.000E+00  0.000E+00  0.000E+00
  310.5000  0.000E+00  0.000E+00  0.000E+00  0.000E+00  0.000E+00  0.000E+00  0.000E+00  0.000E+00  2.715E+08  3.887E+10  1.698E+11  4.439E+11  6.694E+11  5.978E+11  3.113E+11  9.639E+10  1.210E+10  1.431E+06  0.000E+00  0.000E+00  0.000E+00  0.000E+00  0.000E+00  0.000E+00
  311.5000  0.000E+00  0.000E+00  0.000E+00  0.000E+00  0.000E+00  0.000E+00  0.000E+00  0.000E+00  3.907E+08  5.691E+10  2.645E+11  7.027E+11  1.053E+12  9.425E+11  4.927E+11  1.458E+11  1.730E+10  2.238E+06  0.000E+00  0.000E+00  0.000E+00  0.000E+00  0.000E+00  0.000E+00
  312.5000  0.000E+00  0.000E+00  0.000E+00  0.000E+00  0.000E+00  0.000E+00  0.000E+00  0.000E+00  4.776E+08  7.261E+10  3.827E+11  1.017E+12  1.492E+12  1.344E+12  7.204E+11  2.023E+11  2.098E+10  3.096E+06  0.000E+00  0.000E+00  0.000E+00  0.000E+00  0.000E+00  0.000E+00
  313.5000  0.000E+00  0.000E+00  0.000E+00  0.000E+00  0.000E+00  0.000E+00  0.000E+00  0.000E+00  5.780E+08  8.865E+10  4.807E+11  1.272E+12  1.856E+12  1.675E+12  9.044E+11  2.518E+11  2.530E+10  3.925E+06  0.000E+00  0.000E+00  0.000E+00  0.000E+00  0.000E+00  0.000E+00
  314.5000  0.000E+00  0.000E+00  0.000E+00  0.000E+00  0.000E+00  0.000E+00  0.000E+00  0.000E+00  7.301E+08  1.192E+11  7.181E+11  1.829E+12  2.594E+12  2.360E+12  1.327E+12  3.685E+11  3.188E+10  5.425E+06  0.000E+00  0.000E+00  0.000E+00  0.000E+00  0.000E+00  0.000E+00
  315.5000  0.000E+00  0.000E+00  0.000E+00  0.000E+00  0.000E+00  0.000E+00  0.000E+00  0.000E+00  7.957E+08  1.307E+11  7.968E+11  2.013E+12  2.842E+12  2.590E+12  1.466E+12  4.087E+11  3.465E+10  6.114E+06  0.000E+00  0.000E+00  0.000E+00  0.000E+00  0.000E+00  0.000E+00
  316.5000  0.000E+00  0.000E+00  0.000E+00  0.000E+00  0.000E+00  0.000E+00  0.000E+00  0.000E+00  9.948E+08  1.759E+11  1.128E+12  2.694E+12  3.702E+12  3.398E+12  2.007E+12  5.836E+11  4.354E+10  8.080E+06  0.000E+00  0.000E+00  0.000E+00  0.000E+00  0.000E+00  0.000E+00
  317.5000  0.000E+00  0.000E+00  0.000E+00  0.000E+00  0.000E+00  0.000E+00  0.000E+00  0.000E+00  1.421E+09  2.497E+11  1.600E+12  3.829E+12  5.267E+12  4.833E+12  2.850E+12  8.276E+11  6.198E+10  1.176E+07  0.000E+00  0.000E+00  0.000E+00  0.000E+00  0.000E+00  0.000E+00
  318.5000  0.000E+00  0.000E+00  0.000E+00  0.000E+00  0.000E+00  0.000E+00  0.000E+00  0.000E+00  1.444E+09  2.780E+11  1.780E+12  3.980E+12  5.325E+12  4.923E+12  3.038E+12  9.486E+11  6.392E+10  1.232E+07  0.000E+00  0.000E+00  0.000E+00  0.000E+00  0.000E+00  0.000E+00
  319.5000  0.000E+00  0.000E+00  0.000E+00  0.000E+00  0.000E+00  0.000E+00  0.000E+00  0.000E+00  1.882E+09  3.670E+11  2.331E+12  5.141E+12  6.845E+12  6.337E+12  3.942E+12  1.252E+12  8.340E+10  1.633E+07  0.000E+00  0.000E+00  0.000E+00  0.000E+00  0.000E+00  0.000E+00
  320.5000  0.000E+00  0.000E+00  0.000E+00  0.000E+00  0.000E+00  0.000E+00  0.000E+00  0.000E+00  2.459E+09  4.914E+11  3.090E+12  6.701E+12  8.865E+12  8.221E+12  5.169E+12  1.676E+12  1.095E+11  2.158E+07  0.000E+00  0.000E+00  0.000E+00  0.000E+00  0.000E+00  0.000E+00
  321.5000  0.000E+00  0.000E+00  0.000E+00  0.000E+00  0.000E+00  0.000E+00  0.000E+00  0.000E+00  2.964E+09  6.501E+11  3.695E+12  7.394E+12  9.508E+12  8.883E+12  5.859E+12  2.097E+12  1.366E+11  2.544E+07  0.000E+00  0.000E+00  0.000E+00  0.000E+00  0.000E+00  0.000E+00
  322.5000  0.000E+00  0.000E+00  0.000E+00  0.000E+00  0.000E+00  0.000E+00  0.000E+00  0.000E+00  2.272E+09  4.617E+11  2.869E+12  6.132E+12  8.071E+12  7.495E+12  4.753E+12  1.567E+12  1.014E+11  2.045E+07  0.000E+00  0.000E+00  0.000E+00  0.000E+00  0.000E+00  0.000E+00
  323.5000  0.000E+00  0.000E+00  0.000E+00  0.000E+00  0.000E+00  0.000E+00  0.000E+00  0.000E+00  3.728E+09  8.485E+11  4.508E+12  8.693E+12  1.104E+13  1.035E+13  6.972E+12  2.616E+12  1.757E+11  3.166E+07  0.000E+00  0.000E+00  0.000E+00  0.000E+00  0.000E+00  0.000E+00
  324.5000  0.000E+00  0.000E+00  0.000E+00  0.000E+00  0.000E+00  0.000E+00  0.000E+00  0.000E+00  4.328E+09  9.747E+11  5.226E+12  1.013E+13  1.290E+13  1.208E+13  8.111E+12  3.019E+12  2.026E+11  3.743E+07  0.000E+00  0.000E+00  0.000E+00  0.000E+00  0.000E+00  0.000E+00
  325.5000  0.000E+00  0.000E+00  0.000E+00  0.000E+00  0.000E+00  0.000E+00  0.000E+00  0.000E+00  4.506E+09  1.006E+12  5.564E+12  1.096E+13  1.402E+13  1.312E+13  8.726E+12  3.178E+12  2.092E+11  3.999E+07  0.000E+00  0.000E+00  0.000E+00  0.000E+00  0.000E+00  0.000E+00
  326.5000  0.000E+00  0.000E+00  0.000E+00  0.000E+00  0.000E+00  0.000E+00  0.000E+00  0.000E+00  8.368E+09  1.936E+12  9.049E+12  1.652E+13  2.061E+13  1.941E+13  1.348E+13  5.447E+12  4.078E+11  6.778E+07  0.000E+00  0.000E+00  0.000E+00  0.000E+00  0.000E+00  0.000E+00
  327.5000  0.000E+00  0.000E+00  0.000E+00  0.000E+00  0.000E+00  0.000E+00  0.000E+00  0.000E+00  6.736E+09  1.546E+12  7.695E+12  1.443E+13  1.817E+13  1.707E+13  1.167E+13  4.540E+12  3.220E+11  5.757E+07  0.000E+00  0.000E+00  0.000E+00  0.000E+00  0.000E+00  0.000E+00
  328.5000  0.000E+00  0.000E+00  0.000E+00  0.000E+00  0.000E+00  0.000E+00  0.000E+00  0.000E+00  6.198E+09  1.437E+12  7.161E+12  1.343E+13  1.691E+13  1.589E+13  1.086E+13  4.221E+12  2.974E+11  5.347E+07  0.000E+00  0.000E+00  0.000E+00  0.000E+00  0.000E+00  0.000E+00
  329.5000  0.000E+00  0.000E+00  0.000E+00  0.000E+00  0.000E+00  0.000E+00  0.000E+00  0.000E+00  1.190E+10  2.715E+12  1.161E+13  2.053E+13  2.537E+13  2.395E+13  1.692E+13  7.151E+12  5.914E+11  9.282E+07  0.000E+00  0.000E+00  0.000E+00  0.000E+00  0.000E+00  0.000E+00
  330.5000  0.000E+00  0.000E+00  0.000E+00  0.000E+00  0.000E+00  0.000E+00  0.000E+00  0.000E+00  9.128E+09  2.111E+12  9.675E+12  1.756E+13  2.190E+13  2.062E+13  1.435E+13  5.837E+12  4.467E+11  7.588E+07  0.000E+00  0.000E+00  0.000E+00  0.000E+00  0.000E+00  0.000E+00
  331.5000  0.000E+00  0.000E+00  0.000E+00  0.000E+00  0.000E+00  0.000E+00  0.000E+00  0.000E+00  8.701E+09  2.026E+12  9.429E+12  1.722E+13  2.152E+13  2.026E+13  1.404E+13  5.660E+12  4.254E+11  7.378E+07  0.000E+00  0.000E+00  0.000E+00  0.000E+00  0.000E+00  0.000E+00
  332.5000  0.000E+00  0.000E+00  0.000E+00  0.000E+00  0.000E+00  0.000E+00  0.000E+00  0.000E+00  1.175E+10  2.654E+12  1.094E+13  1.914E+13  2.359E+13  2.229E+13  1.582E+13  6.791E+12  5.881E+11  9.136E+07  0.000E+00  0.000E+00  0.000E+00  0.000E+00  0.000E+00  0.000E+00
  333.5000  0.000E+00  0.000E+00  0.000E+00  0.000E+00  0.000E+00  0.000E+00  0.000E+00  0.000E+00  9.595E+09  2.212E+12  9.646E+12  1.721E+13  2.136E+13  2.014E+13  1.414E+13  5.890E+12  4.762E+11  7.883E+07  0.000E+00  0.000E+00  0.000E+00  0.000E+00  0.000E+00  0.000E+00
  334.5000  0.000E+00  0.000E+00  0.000E+00  0.000E+00  0.000E+00  0.000E+00  0.000E+00  0.000E+00  1.150E+10  2.643E+12  1.122E+13  1.985E+13  2.456E+13  2.318E+13  1.635E+13  6.898E+12  5.755E+11  9.321E+07  0.000E+00  0.000E+00  0.000E+00  0.000E+00  0.000E+00  0.000E+00
  335.5000  0.000E+00  0.000E+00  0.000E+00  0.000E+00  0.000E+00  0.000E+00  0.000E+00  0.000E+00  1.385E+10  3.096E+12  1.234E+13  2.138E+13  2.629E+13  2.485E+13  1.772E+13  8.039E+12  6.987E+11  1.072E+08  0.000E+00  0.000E+00  0.000E+00  0.000E+00  0.000E+00  0.000E+00
  336.5000  0.000E+00  0.000E+00  0.000E+00  0.000E+00  0.000E+00  0.000E+00  0.000E+00  0.000E+00  1.030E+10  2.331E+12  9.480E+12  1.655E+13  2.039E+13  1.927E+13  1.368E+13  6.136E+12  5.193E+11  8.183E+07  0.000E+00  0.000E+00  0.000E+00  0.000E+00  0.000E+00  0.000E+00
  337.5000  0.000E+00  0.000E+00  0.000E+00  0.000E+00  0.000E+00  0.000E+00  0.000E+00  0.000E+00  1.006E+10  2.328E+12  9.909E+12  1.758E+13  2.178E+13  2.055E+13  1.446E+13  6.325E+12  5.048E+11  8.390E+07  0.000E+00  0.000E+00  0.000E+00  0.000E+00  0.000E+00  0.000E+00
  338.5000  0.000E+00  0.000E+00  0.000E+00  0.000E+00  0.000E+00  0.000E+00  0.000E+00  0.000E+00  1.272E+10  2.862E+12  1.140E+13  1.978E+13  2.434E+13  2.301E+13  1.638E+13  7.423E+12  6.449E+11  1.008E+08  0.000E+00  0.000E+00  0.000E+00  0.000E+00  0.000E+00  0.000E+00
  339.5000  0.000E+00  0.000E+00  0.000E+00  0.000E+00  0.000E+00  0.000E+00  0.000E+00  0.000E+00  1.419E+10  3.189E+12  1.259E+13  2.180E+13  2.682E+13  2.535E+13  1.806E+13  8.221E+12  7.219E+11  1.124E+08  0.000E+00  0.000E+00  0.000E+00  0.000E+00  0.000E+00  0.000E+00
  340.5000  0.000E+00  0.000E+00  0.000E+00  0.000E+00  0.000E+00  0.000E+00  0.000E+00  0.000E+00  1.418E+10  3.240E+12  1.313E+13  2.296E+13  2.833E+13  2.676E+13  1.896E+13  8.506E+12  7.206E+11  1.161E+08  0.000E+00  0.000E+00  0.000E+00  0.000E+00  0.000E+00  0.000E+00
  341.5000  0.000E+00  0.000E+00  0.000E+00  0.000E+00  0.000E+00  0.000E+00  0.000E+00  0.000E+00  1.392E+10  3.124E+12  1.221E+13  2.113E+13  2.599E+13  2.457E+13  1.751E+13  7.999E+12  7.107E+11  1.111E+08  0.000E+00  0.000E+00  0.000E+00  0.000E+00  0.000E+00  0.000E+00
  342.5000  0.000E+00  0.000E+00  0.000E+00  0.000E+00  0.000E+00  0.000E+00  0.000E+00  0.000E+00  1.572E+10  3.526E+12  1.370E+13  2.367E+13  2.911E+13  2.752E+13  1.963E+13  8.989E+12  8.048E+11  1.257E+08  0.000E+00  0.000E+00  0.000E+00  0.000E+00  0.000E+00  0.000E+00
  343.5000  0.000E+00  0.000E+00  0.000E+00  0.000E+00  0.000E+00  0.000E+00  0.000E+00  0.000E+00  1.578E+10  3.581E+12  1.410E+13  2.449E+13  3.018E+13  2.851E+13  2.027E+13  9.214E+12  8.091E+11  1.288E+08  0.000E+00  0.000E+00  0.000E+00  0.000E+00  0.000E+00  0.000E+00
  344.5000  0.000E+00  0.000E+00  0.000E+00  0.000E+00  0.000E+00  0.000E+00  0.000E+00  0.000E+00  1.067E+10  2.447E+12  9.780E+12  1.708E+13  2.108E+13  1.991E+13  1.411E+13  6.361E+12  5.469E+11  8.900E+07  0.000E+00  0.000E+00  0.000E+00  0.000E+00  0.000E+00  0.000E+00
  345.5000  0.000E+00  0.000E+00  0.000E+00  0.000E+00  0.000E+00  0.000E+00  0.000E+00  0.000E+00  1.616E+10  3.635E+12  1.402E+13  2.423E+13  2.981E+13  2.818E+13  2.008E+13  9.215E+12  8.326E+11  1.313E+08  0.000E+00  0.000E+00  0.000E+00  0.000E+00  0.000E+00  0.000E+00
  346.5000  0.000E+00  0.000E+00  0.000E+00  0.000E+00  0.000E+00  0.000E+00  0.000E+00  0.000E+00  1.424E+10  3.260E+12  1.286E+13  2.242E+13  2.766E+13  2.612E+13  1.853E+13  8.397E+12  7.338E+11  1.193E+08  0.000E+00  0.000E+00  0.000E+00  0.000E+00  0.000E+00  0.000E+00
  347.5000  0.000E+00  0.000E+00  0.000E+00  0.000E+00  0.000E+00  0.000E+00  0.000E+00  0.000E+00  1.403E+10  3.217E+12  1.267E+13  2.208E+13  2.725E+13  2.574E+13  1.825E+13  8.274E+12  7.244E+11  1.182E+08  0.000E+00  0.000E+00  0.000E+00  0.000E+00  0.000E+00  0.000E+00
  348.5000  0.000E+00  0.000E+00  0.000E+00  0.000E+00  0.000E+00  0.000E+00  0.000E+00  0.000E+00  1.578E+10  3.611E+12  1.412E+13  2.457E+13  3.032E+13  2.864E+13  2.031E+13  9.239E+12  8.169E+11  1.329E+08  0.000E+00  0.000E+00  0.000E+00  0.000E+00  0.000E+00  0.000E+00
  349.5000  0.000E+00  0.000E+00  0.000E+00  0.000E+00  0.000E+00  0.000E+00  0.000E+00  0.000E+00  1.319E+10  3.033E+12  1.188E+13  2.071E+13  2.556E+13  2.414E+13  1.711E+13  7.768E+12  6.845E+11  1.122E+08  0.000E+00  0.000E+00  0.000E+00  0.000E+00  0.000E+00  0.000E+00
  350.5000  0.000E+00  0.000E+00  0.000E+00  0.000E+00  0.000E+00  0.000E+00  0.000E+00  0.000E+00  1.857E+10  4.282E+12  1.675E+13  2.922E+13  3.607E+13  3.407E+13  2.413E+13  1.096E+13  9.664E+11  1.589E+08  0.000E+00  0.000E+00  0.000E+00  0.000E+00  0.000E+00  0.000E+00
  351.5000  0.000E+00  0.000E+00  0.000E+00  0.000E+00  0.000E+00  0.000E+00  0.000E+00  0.000E+00  1.588E+10  3.683E+12  1.446E+13  2.528E+13  3.124E+13  2.949E+13  2.086E+13  9.447E+12  8.281E+11  1.374E+08  0.000E+00  0.000E+00  0.000E+00  0.000E+00  0.000E+00  0.000E+00
  352.5000  0.000E+00  0.000E+00  0.000E+00  0.000E+00  0.000E+00  0.000E+00  0.000E+00  0.000E+00  1.444E+10  3.354E+12  1.315E+13  2.299E+13  2.841E+13  2.683E+13  1.897E+13  8.592E+12  7.549E+11  1.256E+08  0.000E+00  0.000E+00  0.000E+00  0.000E+00  0.000E+00  0.000E+00
  353.5000  0.000E+00  0.000E+00  0.000E+00  0.000E+00  0.000E+00  0.000E+00  0.000E+00  0.000E+00  1.760E+10  4.091E+12  1.598E+13  2.794E+13  3.453E+13  3.260E+13  2.305E+13  1.045E+13  9.223E+11  1.536E+08  0.000E+00  0.000E+00  0.000E+00  0.000E+00  0.000E+00  0.000E+00
  354.5000  0.000E+00  0.000E+00  0.000E+00  0.000E+00  0.000E+00  0.000E+00  0.000E+00  0.000E+00  1.923E+10  4.479E+12  1.744E+13  3.051E+13  3.771E+13  3.560E+13  2.517E+13  1.142E+13  1.011E+12  1.687E+08  0.000E+00  0.000E+00  0.000E+00  0.000E+00  0.000E+00  0.000E+00
  355.5000  0.000E+00  0.000E+00  0.000E+00  0.000E+00  0.000E+00  0.000E+00  0.000E+00  0.000E+00  1.801E+10  4.207E+12  1.639E+13  2.870E+13  3.549E+13  3.351E+13  2.367E+13  1.072E+13  9.487E+11  1.591E+08  0.000E+00  0.000E+00  0.000E+00  0.000E+00  0.000E+00  0.000E+00
  356.5000  0.000E+00  0.000E+00  0.000E+00  0.000E+00  0.000E+00  0.000E+00  0.000E+00  0.000E+00  1.670E+10  3.919E+12  1.528E+13  2.680E+13  3.315E+13  3.130E+13  2.209E+13  9.996E+12  8.821E+11  1.488E+08  0.000E+00  0.000E+00  0.000E+00  0.000E+00  0.000E+00  0.000E+00
  357.5000  0.000E+00  0.000E+00  0.000E+00  0.000E+00  0.000E+00  0.000E+00  0.000E+00  0.000E+00  1.418E+10  3.342E+12  1.305E+13  2.292E+13  2.837E+13  2.678E+13  1.888E+13  8.531E+12  7.509E+11  1.275E+08  0.000E+00  0.000E+00  0.000E+00  0.000E+00  0.000E+00  0.000E+00
  358.5000  0.000E+00  0.000E+00  0.000E+00  0.000E+00  0.000E+00  0.000E+00  0.000E+00  0.000E+00  1.100E+10  2.600E+12  1.014E+13  1.783E+13  2.207E+13  2.083E+13  1.468E+13  6.630E+12  5.842E+11  9.950E+07  0.000E+00  0.000E+00  0.000E+00  0.000E+00  0.000E+00  0.000E+00
  359.5000  0.000E+00  0.000E+00  0.000E+00  0.000E+00  0.000E+00  0.000E+00  0.000E+00  0.000E+00  1.853E+10  4.394E+12  1.716E+13  3.020E+13  3.740E+13  3.529E+13  2.485E+13  1.121E+13  9.858E+11  1.688E+08  0.000E+00  0.000E+00  0.000E+00  0.000E+00  0.000E+00  0.000E+00
  360.5000  0.000E+00  0.000E+00  0.000E+00  0.000E+00  0.000E+00  0.000E+00  0.000E+00  0.000E+00  1.720E+10  4.092E+12  1.599E+13  2.817E+13  3.491E+13  3.294E+13  2.318E+13  1.044E+13  9.173E+11  1.579E+08  0.000E+00  0.000E+00  0.000E+00  0.000E+00  0.000E+00  0.000E+00
  361.5000  0.000E+00  0.000E+00  0.000E+00  0.000E+00  0.000E+00  0.000E+00  0.000E+00  0.000E+00  1.556E+10  3.715E+12  1.451E+13  2.559E+13  3.172E+13  2.993E+13  2.104E+13  9.473E+12  8.323E+11  1.438E+08  0.000E+00  0.000E+00  0.000E+00  0.000E+00  0.000E+00  0.000E+00
  362.5000  0.000E+00  0.000E+00  0.000E+00  0.000E+00  0.000E+00  0.000E+00  0.000E+00  0.000E+00  1.832E+10  4.388E+12  1.714E+13  3.026E+13  3.752E+13  3.540E+13  2.487E+13  1.119E+13  9.821E+11  1.705E+08  0.000E+00  0.000E+00  0.000E+00  0.000E+00  0.000E+00  0.000E+00
  363.5000  0.000E+00  0.000E+00  0.000E+00  0.000E+00  0.000E+00  0.000E+00  0.000E+00  0.000E+00  1.631E+10  3.922E+12  1.533E+13  2.710E+13  3.361E+13  3.171E+13  2.227E+13  1.000E+13  8.770E+11  1.529E+08  0.000E+00  0.000E+00  0.000E+00  0.000E+00  0.000E+00  0.000E+00
  364.5000  0.000E+00  0.000E+00  0.000E+00  0.000E+00  0.000E+00  0.000E+00  0.000E+00  0.000E+00  1.779E+10  4.294E+12  1.680E+13  2.975E+13  3.692E+13  3.482E+13  2.443E+13  1.096E+13  9.588E+11  1.681E+08  0.000E+00  0.000E+00  0.000E+00  0.000E+00  0.000E+00  0.000E+00
  365.5000  0.000E+00  0.000E+00  0.000E+00  0.000E+00  0.000E+00  0.000E+00  0.000E+00  0.000E+00  2.165E+10  5.249E+12  2.057E+13  3.648E+13  4.528E+13  4.271E+13  2.994E+13  1.340E+13  1.170E+12  2.063E+08  0.000E+00  0.000E+00  0.000E+00  0.000E+00  0.000E+00  0.000E+00
  366.5000  0.000E+00  0.000E+00  0.000E+00  0.000E+00  0.000E+00  0.000E+00  0.000E+00  0.000E+00  2.295E+10  5.586E+12  2.189E+13  3.888E+13  4.827E+13  4.553E+13  3.190E+13  1.426E+13  1.244E+12  2.203E+08  0.000E+00  0.000E+00  0.000E+00  0.000E+00  0.000E+00  0.000E+00
  367.5000  0.000E+00  0.000E+00  0.000E+00  0.000E+00  0.000E+00  0.000E+00  0.000E+00  0.000E+00  2.184E+10  5.334E+12  2.091E+13  3.718E+13  4.618E+13  4.355E+13  3.049E+13  1.361E+13  1.187E+12  2.110E+08  0.000E+00  0.000E+00  0.000E+00  0.000E+00  0.000E+00  0.000E+00
  368.5000  0.000E+00  0.000E+00  0.000E+00  0.000E+00  0.000E+00  0.000E+00  0.000E+00  0.000E+00  1.921E+10  4.706E+12  1.846E+13  3.287E+13  4.085E+13  3.852E+13  2.695E+13  1.201E+13  1.045E+12  1.869E+08  0.000E+00  0.000E+00  0.000E+00  0.000E+00  0.000E+00  0.000E+00
  369.5000  0.000E+00  0.000E+00  0.000E+00  0.000E+00  0.000E+00  0.000E+00  0.000E+00  0.000E+00  2.305E+10  5.669E+12  2.226E+13  3.970E+13  4.934E+13  4.653E+13  3.252E+13  1.448E+13  1.258E+12  2.259E+08  0.000E+00  0.000E+00  0.000E+00  0.000E+00  0.000E+00  0.000E+00
  370.5000  0.000E+00  0.000E+00  0.000E+00  0.000E+00  0.000E+00  0.000E+00  0.000E+00  0.000E+00  2.088E+10  5.165E+12  2.030E+13  3.626E+13  4.508E+13  4.251E+13  2.969E+13  1.320E+13  1.144E+12  2.065E+08  0.000E+00  0.000E+00  0.000E+00  0.000E+00  0.000E+00  0.000E+00
  371.5000  0.000E+00  0.000E+00  0.000E+00  0.000E+00  0.000E+00  0.000E+00  0.000E+00  0.000E+00  2.390E+10  5.937E+12  2.336E+13  4.177E+13  5.195E+13  4.898E+13  3.419E+13  1.517E+13  1.313E+12  2.381E+08  0.000E+00  0.000E+00  0.000E+00  0.000E+00  0.000E+00  0.000E+00
  372.5000  0.000E+00  0.000E+00  0.000E+00  0.000E+00  0.000E+00  0.000E+00  0.000E+00  0.000E+00  1.769E+10  4.406E+12  1.735E+13  3.106E+13  3.865E+13  3.644E+13  2.541E+13  1.126E+13  9.741E+11  1.774E+08  0.000E+00  0.000E+00  0.000E+00  0.000E+00  0.000E+00  0.000E+00
  373.5000  0.000E+00  0.000E+00  0.000E+00  0.000E+00  0.000E+00  0.000E+00  0.000E+00  0.000E+00  1.595E+10  3.998E+12  1.576E+13  2.826E+13  3.518E+13  3.316E+13  2.311E+13  1.022E+13  8.820E+11  1.614E+08  0.000E+00  0.000E+00  0.000E+00  0.000E+00  0.000E+00  0.000E+00
  374.5000  0.000E+00  0.000E+00  0.000E+00  0.000E+00  0.000E+00  0.000E+00  0.000E+00  0.000E+00  1.751E+10  4.405E+12  1.739E+13  3.123E+13  3.888E+13  3.665E+13  2.552E+13  1.127E+13  9.703E+11  1.785E+08  0.000E+00  0.000E+00  0.000E+00  0.000E+00  0.000E+00  0.000E+00
  375.5000  0.000E+00  0.000E+00  0.000E+00  0.000E+00  0.000E+00  0.000E+00  0.000E+00  0.000E+00  1.975E+10  4.993E+12  1.972E+13  3.547E+13  4.418E+13  4.164E+13  2.898E+13  1.277E+13  1.098E+12  2.030E+08  0.000E+00  0.000E+00  0.000E+00  0.000E+00  0.000E+00  0.000E+00
  376.5000  0.000E+00  0.000E+00  0.000E+00  0.000E+00  0.000E+00  0.000E+00  0.000E+00  0.000E+00  1.981E+10  5.008E+12  1.980E+13  3.567E+13  4.443E+13  4.188E+13  2.913E+13  1.281E+13  1.101E+12  2.044E+08  0.000E+00  0.000E+00  0.000E+00  0.000E+00  0.000E+00  0.000E+00
  377.5000  0.000E+00  0.000E+00  0.000E+00  0.000E+00  0.000E+00  0.000E+00  0.000E+00  0.000E+00  2.351E+10  5.990E+12  2.371E+13  4.276E+13  5.328E+13  5.022E+13  3.491E+13  1.533E+13  1.315E+12  2.451E+08  0.000E+00  0.000E+00  0.000E+00  0.000E+00  0.000E+00  0.000E+00
  378.5000  0.000E+00  0.000E+00  0.000E+00  0.000E+00  0.000E+00  0.000E+00  0.000E+00  0.000E+00  2.562E+10  6.556E+12  2.598E+13  4.693E+13  5.849E+13  5.512E+13  3.829E+13  1.678E+13  1.436E+12  2.691E+08  0.000E+00  0.000E+00  0.000E+00  0.000E+00  0.000E+00  0.000E+00
  379.5000  0.000E+00  0.000E+00  0.000E+00  0.000E+00  0.000E+00  0.000E+00  0.000E+00  0.000E+00  1.898E+10  4.870E+12  1.932E+13  3.495E+13  4.357E+13  4.107E+13  2.851E+13  1.247E+13  1.066E+12  2.006E+08  0.000E+00  0.000E+00  0.000E+00  0.000E+00  0.000E+00  0.000E+00
  380.5000  0.000E+00  0.000E+00  0.000E+00  0.000E+00  0.000E+00  0.000E+00  0.000E+00  0.000E+00  2.283E+10  5.882E+12  2.336E+13  4.233E+13  5.278E+13  4.974E+13  3.451E+13  1.506E+13  1.286E+12  2.430E+08  0.000E+00  0.000E+00  0.000E+00  0.000E+00  0.000E+00  0.000E+00
  381.5000  0.000E+00  0.000E+00  0.000E+00  0.000E+00  0.000E+00  0.000E+00  0.000E+00  0.000E+00  2.144E+10  5.551E+12  2.207E+13  4.005E+13  4.995E+13  4.707E+13  3.264E+13  1.422E+13  1.212E+12  2.300E+08  0.000E+00  0.000E+00  0.000E+00  0.000E+00  0.000E+00  0.000E+00
  382.5000  0.000E+00  0.000E+00  0.000E+00  0.000E+00  0.000E+00  0.000E+00  0.000E+00  0.000E+00  1.429E+10  3.714E+12  1.479E+13  2.687E+13  3.352E+13  3.159E+13  2.189E+13  9.515E+12  8.094E+11  1.544E+08  0.000E+00  0.000E+00  0.000E+00  0.000E+00  0.000E+00  0.000E+00
  383.5000  0.000E+00  0.000E+00  0.000E+00  0.000E+00  0.000E+00  0.000E+00  0.000E+00  0.000E+00  1.256E+10  3.275E+12  1.306E+13  2.376E+13  2.964E+13  2.793E+13  1.934E+13  8.394E+12  7.130E+11  1.366E+08  0.000E+00  0.000E+00  0.000E+00  0.000E+00  0.000E+00  0.000E+00
  384.5000  0.000E+00  0.000E+00  0.000E+00  0.000E+00  0.000E+00  0.000E+00  0.000E+00  0.000E+00  1.886E+10  4.937E+12  1.970E+13  3.590E+13  4.480E+13  4.222E+13  2.922E+13  1.265E+13  1.074E+12  2.064E+08  0.000E+00  0.000E+00  0.000E+00  0.000E+00  0.000E+00  0.000E+00
  385.5000  0.000E+00  0.000E+00  0.000E+00  0.000E+00  0.000E+00  0.000E+00  0.000E+00  0.000E+00  1.862E+10  4.905E+12  1.960E+13  3.576E+13  4.464E+13  4.206E+13  2.910E+13  1.257E+13  1.065E+12  2.056E+08  0.000E+00  0.000E+00  0.000E+00  0.000E+00  0.000E+00  0.000E+00
  386.5000  0.000E+00  0.000E+00  0.000E+00  0.000E+00  0.000E+00  0.000E+00  0.000E+00  0.000E+00  1.902E+10  5.021E+12  2.009E+13  3.671E+13  4.583E+13  4.318E+13  2.986E+13  1.287E+13  1.089E+12  2.112E+08  0.000E+00  0.000E+00  0.000E+00  0.000E+00  0.000E+00  0.000E+00
  387.5000  0.000E+00  0.000E+00  0.000E+00  0.000E+00  0.000E+00  0.000E+00  0.000E+00  0.000E+00  1.766E+10  4.686E+12  1.877E+13  3.435E+13  4.290E+13  4.042E+13  2.793E+13  1.202E+13  1.015E+12  1.976E+08  0.000E+00  0.000E+00  0.000E+00  0.000E+00  0.000E+00  0.000E+00
  388.5000  0.000E+00  0.000E+00  0.000E+00  0.000E+00  0.000E+00  0.000E+00  0.000E+00  0.000E+00  1.766E+10  4.716E+12  1.892E+13  3.467E+13  4.330E+13  4.080E+13  2.818E+13  1.210E+13  1.019E+12  1.994E+08  0.000E+00  0.000E+00  0.000E+00  0.000E+00  0.000E+00  0.000E+00
  389.5000  0.000E+00  0.000E+00  0.000E+00  0.000E+00  0.000E+00  0.000E+00  0.000E+00  0.000E+00  2.232E+10  5.972E+12  2.399E+13  4.403E+13  5.499E+13  5.181E+13  3.577E+13  1.532E+13  1.290E+12  2.534E+08  0.000E+00  0.000E+00  0.000E+00  0.000E+00  0.000E+00  0.000E+00
  390.5000  0.000E+00  0.000E+00  0.000E+00  0.000E+00  0.000E+00  0.000E+00  0.000E+00  0.000E+00  2.191E+10  5.890E+12  2.369E+13  4.355E+13  5.440E+13  5.126E+13  3.537E+13  1.512E+13  1.270E+12  2.506E+08  0.000E+00  0.000E+00  0.000E+00  0.000E+00  0.000E+00  0.000E+00
  391.5000  0.000E+00  0.000E+00  0.000E+00  0.000E+00  0.000E+00  0.000E+00  0.000E+00  0.000E+00  2.598E+10  7.018E+12  2.827E+13  5.202E+13  6.500E+13  6.124E+13  4.224E+13  1.802E+13  1.511E+12  2.993E+08  0.000E+00  0.000E+00  0.000E+00  0.000E+00  0.000E+00  0.000E+00
  392.5000  0.000E+00  0.000E+00  0.000E+00  0.000E+00  0.000E+00  0.000E+00  0.000E+00  0.000E+00  1.944E+10  5.285E+12  2.132E+13  3.928E+13  4.909E+13  4.625E+13  3.188E+13  1.357E+13  1.137E+12  2.260E+08  0.000E+00  0.000E+00  0.000E+00  0.000E+00  0.000E+00  0.000E+00
  393.5000  0.000E+00  0.000E+00  0.000E+00  0.000E+00  0.000E+00  0.000E+00  0.000E+00  0.000E+00  8.469E+09  2.307E+12  9.320E+12  1.720E+13  2.149E+13  2.025E+13  1.395E+13  5.925E+12  4.958E+11  9.894E+07  0.000E+00  0.000E+00  0.000E+00  0.000E+00  0.000E+00  0.000E+00
  394.5000  0.000E+00  0.000E+00  0.000E+00  0.000E+00  0.000E+00  0.000E+00  0.000E+00  0.000E+00  1.987E+10  5.450E+12  2.205E+13  4.075E+13  5.093E+13  4.799E+13  3.305E+13  1.400E+13  1.169E+12  2.343E+08  0.000E+00  0.000E+00  0.000E+00  0.000E+00  0.000E+00  0.000E+00
  395.5000  0.000E+00  0.000E+00  0.000E+00  0.000E+00  0.000E+00  0.000E+00  0.000E+00  0.000E+00  2.555E+10  7.042E+12  2.853E+13  5.280E+13  6.600E+13  6.218E+13  4.281E+13  1.810E+13  1.509E+12  3.035E+08  0.000E+00  0.000E+00  0.000E+00  0.000E+00  0.000E+00  0.000E+00
  396.5000  0.000E+00  0.000E+00  0.000E+00  0.000E+00  0.000E+00  0.000E+00  0.000E+00  0.000E+00  1.500E+10  4.152E+12  1.685E+13  3.122E+13  3.903E+13  3.677E+13  2.531E+13  1.068E+13  8.889E+11  1.794E+08  0.000E+00  0.000E+00  0.000E+00  0.000E+00  0.000E+00  0.000E+00
  397.5000  0.000E+00  0.000E+00  0.000E+00  0.000E+00  0.000E+00  0.000E+00  0.000E+00  0.000E+00  1.735E+10  4.812E+12  1.956E+13  3.628E+13  4.536E+13  4.273E+13  2.940E+13  1.237E+13  1.029E+12  2.085E+08  0.000E+00  0.000E+00  0.000E+00  0.000E+00  0.000E+00  0.000E+00
  398.5000  0.000E+00  0.000E+00  0.000E+00  0.000E+00  0.000E+00  0.000E+00  0.000E+00  0.000E+00  2.979E+10  8.304E+12  3.380E+13  6.278E+13  7.849E+13  7.395E+13  5.087E+13  2.136E+13  1.773E+12  3.607E+08  0.000E+00  0.000E+00  0.000E+00  0.000E+00  0.000E+00  0.000E+00
  399.5000  0.000E+00  0.000E+00  0.000E+00  0.000E+00  0.000E+00  0.000E+00  0.000E+00  0.000E+00  3.095E+10  8.674E+12  3.536E+13  6.576E+13  8.222E+13  7.747E+13  5.327E+13  2.232E+13  1.850E+12  3.777E+08  0.000E+00  0.000E+00  0.000E+00  0.000E+00  0.000E+00  0.000E+00
  400.5000  0.000E+00  0.000E+00  0.000E+00  0.000E+00  0.000E+00  0.000E+00  0.000E+00  0.000E+00  3.260E+10  9.156E+12  3.739E+13  6.962E+13  8.705E+13  8.202E+13  5.638E+13  2.357E+13  1.950E+12  3.998E+08  0.000E+00  0.000E+00  0.000E+00  0.000E+00  0.000E+00  0.000E+00
  401.5000  0.000E+00  0.000E+00  0.000E+00  0.000E+00  0.000E+00  0.000E+00  0.000E+00  0.000E+00  3.348E+10  9.458E+12  3.869E+13  7.214E+13  9.019E+13  8.498E+13  5.840E+13  2.436E+13  2.012E+12  4.139E+08  0.000E+00  0.000E+00  0.000E+00  0.000E+00  0.000E+00  0.000E+00
  402.5000  0.000E+00  0.000E+00  0.000E+00  0.000E+00  0.000E+00  0.000E+00  0.000E+00  0.000E+00  3.470E+10  9.859E+12  4.039E+13  7.541E+13  9.429E+13  8.885E+13  6.103E+13  2.540E+13  2.095E+12  4.325E+08  0.000E+00  0.000E+00  0.000E+00  0.000E+00  0.000E+00  0.000E+00
  403.5000  0.000E+00  0.000E+00  0.000E+00  0.000E+00  0.000E+00  0.000E+00  0.000E+00  0.000E+00  3.174E+10  9.062E+12  3.719E+13  6.951E+13  8.692E+13  8.190E+13  5.625E+13  2.335E+13  1.923E+12  3.984E+08  0.000E+00  0.000E+00  0.000E+00  0.000E+00  0.000E+00  0.000E+00
  404.5000  0.000E+00  0.000E+00  0.000E+00  0.000E+00  0.000E+00  0.000E+00  0.000E+00  0.000E+00  3.121E+10  8.925E+12  3.669E+13  6.866E+13  8.585E+13  8.090E+13  5.554E+13  2.300E+13  1.892E+12  3.935E+08  0.000E+00  0.000E+00  0.000E+00  0.000E+00  0.000E+00  0.000E+00
  405.5000  0.000E+00  0.000E+00  0.000E+00  0.000E+00  0.000E+00  0.000E+00  0.000E+00  0.000E+00  3.231E+10  9.310E+12  3.834E+13  7.183E+13  8.981E+13  8.463E+13  5.809E+13  2.399E+13  1.971E+12  4.113E+08  0.000E+00  0.000E+00  0.000E+00  0.000E+00  0.000E+00  0.000E+00
  406.5000  0.000E+00  0.000E+00  0.000E+00  0.000E+00  0.000E+00  0.000E+00  0.000E+00  0.000E+00  3.046E+10  8.804E+12  3.632E+13  6.813E+13  8.518E+13  8.027E+13  5.509E+13  2.269E+13  1.861E+12  3.899E+08  0.000E+00  0.000E+00  0.000E+00  0.000E+00  0.000E+00  0.000E+00
  407.5000  0.000E+00  0.000E+00  0.000E+00  0.000E+00  0.000E+00  0.000E+00  0.000E+00  0.000E+00  3.067E+10  8.910E+12  3.683E+13  6.916E+13  8.647E+13  8.149E+13  5.591E+13  2.297E+13  1.881E+12  3.955E+08  0.000E+00  0.000E+00  0.000E+00  0.000E+00  0.000E+00  0.000E+00
  408.5000  0.000E+00  0.000E+00  0.000E+00  0.000E+00  0.000E+00  0.000E+00  0.000E+00  0.000E+00  3.410E+10  9.961E+12  4.125E+13  7.756E+13  9.697E+13  9.139E+13  6.269E+13  2.569E+13  2.101E+12  4.431E+08  0.000E+00  0.000E+00  0.000E+00  0.000E+00  0.000E+00  0.000E+00
  409.5000  0.000E+00  0.000E+00  0.000E+00  0.000E+00  0.000E+00  0.000E+00  0.000E+00  0.000E+00  3.346E+10  9.803E+12  4.068E+13  7.656E+13  9.572E+13  9.021E+13  6.187E+13  2.529E+13  2.065E+12  4.371E+08  0.000E+00  0.000E+00  0.000E+00  0.000E+00  0.000E+00  0.000E+00
  410.5000  0.000E+00  0.000E+00  0.000E+00  0.000E+00  0.000E+00  0.000E+00  0.000E+00  0.000E+00  2.900E+10  8.536E+12  3.548E+13  6.686E+13  8.359E+13  7.878E+13  5.402E+13  2.203E+13  1.796E+12  3.815E+08  0.000E+00  0.000E+00  0.000E+00  0.000E+00  0.000E+00  0.000E+00
  411.5000  0.000E+00  0.000E+00  0.000E+00  0.000E+00  0.000E+00  0.000E+00  0.000E+00  0.000E+00  3.481E+10  1.030E+13  4.291E+13  8.094E+13  1.012E+14  9.536E+13  6.538E+13  2.659E+13  2.165E+12  4.614E+08  0.000E+00  0.000E+00  0.000E+00  0.000E+00  0.000E+00  0.000E+00
  412.5000  0.000E+00  0.000E+00  0.000E+00  0.000E+00  0.000E+00  0.000E+00  0.000E+00  0.000E+00  3.452E+10  1.026E+13  4.279E+13  8.079E+13  1.010E+14  9.518E+13  6.526E+13  2.647E+13  2.153E+12  4.603E+08  0.000E+00  0.000E+00  0.000E+00  0.000E+00  0.000E+00  0.000E+00
  413.5000  0.000E+00  0.000E+00  0.000E+00  0.000E+00  0.000E+00  0.000E+00  0.000E+00  0.000E+00  3.344E+10  9.990E+12  4.175E+13  7.891E+13  9.862E+13  9.296E+13  6.373E+13  2.579E+13  2.095E+12  4.492E+08  0.000E+00  0.000E+00  0.000E+00  0.000E+00  0.000E+00  0.000E+00
  414.5000  0.000E+00  0.000E+00  0.000E+00  0.000E+00  0.000E+00  0.000E+00  0.000E+00  0.000E+00  3.436E+10  1.031E+13  4.317E+13  8.167E+13  1.021E+14  9.621E+13  6.595E+13  2.662E+13  2.160E+12  4.646E+08  0.000E+00  0.000E+00  0.000E+00  0.000E+00  0.000E+00  0.000E+00
  415.5000  0.000E+00  0.000E+00  0.000E+00  0.000E+00  0.000E+00  0.000E+00  0.000E+00  0.000E+00  3.282E+10  9.897E+12  4.153E+13  7.865E+13  9.828E+13  9.265E+13  6.351E+13  2.557E+13  2.070E+12  4.469E+08  0.000E+00  0.000E+00  0.000E+00  0.000E+00  0.000E+00  0.000E+00
  416.5000  0.000E+00  0.000E+00  0.000E+00  0.000E+00  0.000E+00  0.000E+00  0.000E+00  0.000E+00  3.572E+10  1.081E+13  4.547E+13  8.619E+13  1.077E+14  1.015E+14  6.958E+13  2.794E+13  2.259E+12  4.893E+08  0.000E+00  0.000E+00  0.000E+00  0.000E+00  0.000E+00  0.000E+00
  417.5000  0.000E+00  0.000E+00  0.000E+00  0.000E+00  0.000E+00  0.000E+00  0.000E+00  0.000E+00  3.261E+10  9.922E+12  4.181E+13  7.934E+13  9.912E+13  9.345E+13  6.404E+13  2.566E+13  2.071E+12  4.499E+08  0.000E+00  0.000E+00  0.000E+00  0.000E+00  0.000E+00  0.000E+00
  418.5000  0.000E+00  0.000E+00  0.000E+00  0.000E+00  0.000E+00  0.000E+00  0.000E+00  0.000E+00  3.291E+10  1.004E+13  4.240E+13  8.052E+13  1.006E+14  9.484E+13  6.499E+13  2.597E+13  2.094E+12  4.563E+08  0.000E+00  0.000E+00  0.000E+00  0.000E+00  0.000E+00  0.000E+00
  419.5000  0.000E+00  0.000E+00  0.000E+00  0.000E+00  0.000E+00  0.000E+00  0.000E+00  0.000E+00  3.390E+10  1.042E+13  4.406E+13  8.376E+13  1.046E+14  9.865E+13  6.760E+13  2.695E+13  2.169E+12  4.742E+08  0.000E+00  0.000E+00  0.000E+00  0.000E+00  0.000E+00  0.000E+00
------------------------------------------------------------
Photolysis rate coefficients, s-1
   1 = O3 -> O2 + O(1D)                                  
   2 = NO2 -> NO + O(3P)                                 
   3 = HNO2 -> OH + NO                                   
   4 = HNO3 -> OH + NO2                                  
   5 = ClNO2 -> Cl + NO2                                 
values at z =      0.263 km
Columns: time, sza, photo-reactions
time, hrs.  sza, deg.          1          2          3          4          5
    0.0000    147.044  0.000E+00  0.000E+00  0.000E+00  0.000E+00  0.000E+00
    1.0000    146.215  0.000E+00  0.000E+00  0.000E+00  0.000E+00  0.000E+00
    2.0000    142.050  0.000E+00  0.000E+00  0.000E+00  0.000E+00  0.000E+00
    3.0000    135.581  0.000E+00  0.000E+00  0.000E+00  0.000E+00  0.000E+00
    4.0000    127.826  0.000E+00  0.000E+00  0.000E+00  0.000E+00  0.000E+00
    5.0000    119.504  0.000E+00  0.000E+00  0.000E+00  0.000E+00  0.000E+00
    6.0000    111.108  0.000E+00  0.000E+00  0.000E+00  0.000E+00  0.000E+00
    7.0000    103.016  0.000E+00  0.000E+00  0.000E+00  0.000E+00  0.000E+00
    8.0000     95.562  2.457E-10  7.538E-07  1.242E-07  1.051E-11  2.779E-08
    9.0000     89.082  4.311E-08  1.918E-04  2.988E-05  2.136E-09  6.448E-06
   10.0000     83.919  2.073E-07  7.713E-04  1.190E-04  1.065E-08  2.716E-05
   11.0000     80.406  4.484E-07  1.398E-03  2.117E-04  2.174E-08  4.931E-05
   12.0000     78.808  6.115E-07  1.741E-03  2.628E-04  2.858E-08  6.169E-05
   13.0000     79.259  5.614E-07  1.641E-03  2.479E-04  2.653E-08  5.805E-05
   14.0000     81.720  3.416E-07  1.140E-03  1.736E-04  1.700E-08  4.020E-05
   15.0000     85.992  1.194E-07  4.939E-04  7.690E-05  6.177E-09  1.711E-05
   16.0000     91.773  1.135E-08  4.195E-05  6.640E-06  4.948E-10  1.429E-06
   17.0000     98.719  1.526E-12  7.800E-09  1.159E-09  8.131E-14  2.434E-10
   18.0000    106.491  0.000E+00  0.000E+00  0.000E+00  0.000E+00  0.000E+00
   19.0000    114.754  0.000E+00  0.000E+00  0.000E+00  0.000E+00  0.000E+00
   20.0000    123.162  0.000E+00  0.000E+00  0.000E+00  0.000E+00  0.000E+00
   21.0000    131.298  0.000E+00  0.000E+00  0.000E+00  0.000E+00  0.000E+00
   22.0000    138.583  0.000E+00  0.000E+00  0.000E+00  0.000E+00  0.000E+00
   23.0000    144.164  0.000E+00  0.000E+00  0.000E+00  0.000E+00  0.000E+00
------------------------------------------------------------
